0,	0,	1.00071
0,	1,	0.998702
0,	2,	1.00409
0,	3,	0.999005
0,	4,	1.00551
0,	5,	1.00014
0,	6,	1.00158
0,	7,	0.997309
0,	8,	0.996009
0,	9,	0.9953
0,	10,	0.998861
0,	11,	1.00037
0,	12,	1.00472
0,	13,	1.003
0,	14,	1.0036
0,	15,	1.00112
0,	16,	1.00288
0,	17,	1.0003
0,	18,	1.00256
0,	19,	1.00006
0,	20,	1.00254
0,	21,	1.00105
0,	22,	1.00304
0,	23,	1.00067
0,	24,	1.00299
0,	25,	1.00126
0,	26,	1.00248
0,	27,	1.00065
0,	28,	1.00263
0,	29,	1.00076
0,	30,	1.00203
0,	31,	1.00076
0,	32,	1.00263
0,	33,	1.00065
0,	34,	1.00248
0,	35,	1.00126
0,	36,	1.00299
0,	37,	1.00067
0,	38,	1.00304
0,	39,	1.00105
0,	40,	1.00254
0,	41,	1.00006
0,	42,	1.00256
0,	43,	1.0003
0,	44,	1.00288
0,	45,	1.00112
0,	46,	1.0036
0,	47,	1.003
0,	48,	1.00472
0,	49,	1.00037
0,	50,	0.998861
0,	51,	0.9953
0,	52,	0.996009
0,	53,	0.997309
0,	54,	1.00158
0,	55,	1.00014
0,	56,	1.00551
0,	57,	0.999005
0,	58,	1.00409
0,	59,	0.998702
0,	60,	1.00071
0,	61,	1.00076
0,	62,	0.9981
0,	63,	1.00239
0,	64,	0.997458
0,	65,	1.00214
0,	66,	0.998493
0,	67,	1.00073
0,	68,	0.999983
0,	69,	0.999432
0,	70,	1.00095
0,	71,	0.998839
0,	72,	1.0012
0,	73,	0.998874
0,	74,	1.00098
0,	75,	0.999197
0,	76,	1.00062
0,	77,	0.999546
0,	78,	1.0003
0,	79,	0.999826
0,	80,	1.00006
0,	81,	1.00006
0,	82,	0.999826
0,	83,	1.0003
0,	84,	0.999546
0,	85,	1.00062
0,	86,	0.999197
0,	87,	1.00098
0,	88,	0.998874
0,	89,	1.0012
0,	90,	0.998839
0,	91,	1.00095
0,	92,	0.999432
0,	93,	0.999983
0,	94,	1.00073
0,	95,	0.998493
0,	96,	1.00214
0,	97,	0.997458
0,	98,	1.00239
0,	99,	0.9981
0,	100,	1.00076
1,	0,	0.998702
1,	1,	1.00078
1,	2,	0.99689
1,	3,	0.998036
1,	4,	0.99854
1,	5,	0.995605
1,	6,	1.00512
1,	7,	0.998445
1,	8,	1.00917
1,	9,	0.998825
1,	10,	1.00289
1,	11,	0.994586
1,	12,	0.999863
1,	13,	0.998771
1,	14,	1.00544
1,	15,	1.00547
1,	16,	1.00584
1,	17,	1.00726
1,	18,	1.00426
1,	19,	1.00577
1,	20,	1.00039
1,	21,	1.00256
1,	22,	0.99662
1,	23,	1.00099
1,	24,	0.994136
1,	25,	0.998783
1,	26,	0.993179
1,	27,	0.998771
1,	28,	0.991912
1,	29,	0.998158
1,	30,	0.992568
1,	31,	0.998158
1,	32,	0.991912
1,	33,	0.998771
1,	34,	0.993179
1,	35,	0.998783
1,	36,	0.994136
1,	37,	1.00099
1,	38,	0.99662
1,	39,	1.00256
1,	40,	1.00039
1,	41,	1.00577
1,	42,	1.00426
1,	43,	1.00726
1,	44,	1.00584
1,	45,	1.00547
1,	46,	1.00544
1,	47,	0.998771
1,	48,	0.999863
1,	49,	0.994586
1,	50,	1.00289
1,	51,	0.998825
1,	52,	1.00917
1,	53,	0.998445
1,	54,	1.00512
1,	55,	0.995605
1,	56,	0.99854
1,	57,	0.998036
1,	58,	0.99689
1,	59,	1.00078
1,	60,	0.998702
1,	61,	0.999954
1,	62,	1.00119
1,	63,	0.998016
1,	64,	1.00246
1,	65,	0.997605
1,	66,	1.00195
1,	67,	0.998736
1,	68,	1.00051
1,	69,	1.00017
1,	70,	0.999312
1,	71,	1.00102
1,	72,	0.998833
1,	73,	1.00116
1,	74,	0.998935
1,	75,	1.0009
1,	76,	0.999278
1,	77,	1.00054
1,	78,	0.999631
1,	79,	1.00021
1,	80,	0.99993
1,	81,	0.99993
1,	82,	1.00021
1,	83,	0.999631
1,	84,	1.00054
1,	85,	0.999278
1,	86,	1.0009
1,	87,	0.998935
1,	88,	1.00116
1,	89,	0.998833
1,	90,	1.00102
1,	91,	0.999312
1,	92,	1.00017
1,	93,	1.00051
1,	94,	0.998736
1,	95,	1.00195
1,	96,	0.997605
1,	97,	1.00246
1,	98,	0.998016
1,	99,	1.00119
1,	100,	0.999954
2,	0,	1.00409
2,	1,	0.99689
2,	2,	1.00598
2,	3,	0.9998
2,	4,	1.00371
2,	5,	1.00039
2,	6,	0.99711
2,	7,	0.996156
2,	8,	0.995983
2,	9,	0.998478
2,	10,	1.00436
2,	11,	1.00552
2,	12,	1.00511
2,	13,	1.00364
2,	14,	1.00044
2,	15,	1.00173
2,	16,	1.00114
2,	17,	1.00136
2,	18,	0.99902
2,	19,	1.00147
2,	20,	0.998774
2,	21,	1.00088
2,	22,	0.997587
2,	23,	0.999744
2,	24,	0.996664
2,	25,	0.9998
2,	26,	0.99553
2,	27,	0.998727
2,	28,	0.995874
2,	29,	0.998961
2,	30,	0.994785
2,	31,	0.998961
2,	32,	0.995874
2,	33,	0.998727
2,	34,	0.99553
2,	35,	0.9998
2,	36,	0.996664
2,	37,	0.999744
2,	38,	0.997587
2,	39,	1.00088
2,	40,	0.998774
2,	41,	1.00147
2,	42,	0.99902
2,	43,	1.00136
2,	44,	1.00114
2,	45,	1.00173
2,	46,	1.00044
2,	47,	1.00364
2,	48,	1.00511
2,	49,	1.00552
2,	50,	1.00436
2,	51,	0.998478
2,	52,	0.995983
2,	53,	0.996156
2,	54,	0.99711
2,	55,	1.00039
2,	56,	1.00371
2,	57,	0.9998
2,	58,	1.00598
2,	59,	0.99689
2,	60,	1.00409
2,	61,	0.997674
2,	62,	1.00078
2,	63,	1.00059
2,	64,	0.998262
2,	65,	1.00218
2,	66,	0.997824
2,	67,	1.0017
2,	68,	0.998957
2,	69,	1.00031
2,	70,	1.00031
2,	71,	0.999227
2,	72,	1.00104
2,	73,	0.998857
2,	74,	1.0011
2,	75,	0.999017
2,	76,	1.00081
2,	77,	0.999378
2,	78,	1.00043
2,	79,	0.999746
2,	80,	1.00008
2,	81,	1.00008
2,	82,	0.999746
2,	83,	1.00043
2,	84,	0.999378
2,	85,	1.00081
2,	86,	0.999017
2,	87,	1.0011
2,	88,	0.998857
2,	89,	1.00104
2,	90,	0.999227
2,	91,	1.00031
2,	92,	1.00031
2,	93,	0.998957
2,	94,	1.0017
2,	95,	0.997824
2,	96,	1.00218
2,	97,	0.998262
2,	98,	1.00059
2,	99,	1.00078
2,	100,	0.997674
3,	0,	0.999005
3,	1,	0.998036
3,	2,	0.9998
3,	3,	0.9935
3,	4,	1.00347
3,	5,	0.995119
3,	6,	1.00757
3,	7,	1.00217
3,	8,	1.00279
3,	9,	1.00191
3,	10,	0.994961
3,	11,	1.00317
3,	12,	1.00151
3,	13,	1.01133
3,	14,	1.0039
3,	15,	1.00888
3,	16,	0.996423
3,	17,	1.00315
3,	18,	0.993821
3,	19,	0.997504
3,	20,	0.990173
3,	21,	0.996647
3,	22,	0.991176
3,	23,	0.996543
3,	24,	0.992662
3,	25,	0.997409
3,	26,	0.994581
3,	27,	0.998724
3,	28,	0.995159
3,	29,	0.99893
3,	30,	0.996318
3,	31,	0.99893
3,	32,	0.995159
3,	33,	0.998724
3,	34,	0.994581
3,	35,	0.997409
3,	36,	0.992662
3,	37,	0.996543
3,	38,	0.991176
3,	39,	0.996647
3,	40,	0.990173
3,	41,	0.997504
3,	42,	0.993821
3,	43,	1.00315
3,	44,	0.996423
3,	45,	1.00888
3,	46,	1.0039
3,	47,	1.01133
3,	48,	1.00151
3,	49,	1.00317
3,	50,	0.994961
3,	51,	1.00191
3,	52,	1.00279
3,	53,	1.00217
3,	54,	1.00757
3,	55,	0.995119
3,	56,	1.00347
3,	57,	0.9935
3,	58,	0.9998
3,	59,	0.998036
3,	60,	0.999005
3,	61,	1.00023
3,	62,	1.00025
3,	63,	0.998916
3,	64,	1.00202
3,	65,	0.997499
3,	66,	1.00256
3,	67,	0.99778
3,	68,	1.00158
3,	69,	0.999177
3,	70,	1.00011
3,	71,	1.00048
3,	72,	0.999131
3,	73,	1.00107
3,	74,	0.998884
3,	75,	1.00104
3,	76,	0.999111
3,	77,	1.0007
3,	78,	0.999502
3,	79,	1.0003
3,	80,	0.999902
3,	81,	0.999902
3,	82,	1.0003
3,	83,	0.999502
3,	84,	1.0007
3,	85,	0.999111
3,	86,	1.00104
3,	87,	0.998884
3,	88,	1.00107
3,	89,	0.999131
3,	90,	1.00048
3,	91,	1.00011
3,	92,	0.999177
3,	93,	1.00158
3,	94,	0.99778
3,	95,	1.00256
3,	96,	0.997499
3,	97,	1.00202
3,	98,	0.998916
3,	99,	1.00025
3,	100,	1.00023
4,	0,	1.00551
4,	1,	0.99854
4,	2,	1.00371
4,	3,	1.00347
4,	4,	0.997936
4,	5,	1.00139
4,	6,	0.993137
4,	7,	0.998183
4,	8,	0.999972
4,	9,	1.0062
4,	10,	1.00721
4,	11,	1.00824
4,	12,	0.998844
4,	13,	1.00046
4,	14,	0.996747
4,	15,	0.999838
4,	16,	0.997839
4,	17,	0.998493
4,	18,	0.994896
4,	19,	0.999585
4,	20,	0.997001
4,	21,	0.997455
4,	22,	0.996232
4,	23,	0.999256
4,	24,	0.996941
4,	25,	0.998549
4,	26,	0.997721
4,	27,	0.999307
4,	28,	0.997934
4,	29,	0.999368
4,	30,	0.99818
4,	31,	0.999368
4,	32,	0.997934
4,	33,	0.999307
4,	34,	0.997721
4,	35,	0.998549
4,	36,	0.996941
4,	37,	0.999256
4,	38,	0.996232
4,	39,	0.997455
4,	40,	0.997001
4,	41,	0.999585
4,	42,	0.994896
4,	43,	0.998493
4,	44,	0.997839
4,	45,	0.999838
4,	46,	0.996747
4,	47,	1.00046
4,	48,	0.998844
4,	49,	1.00824
4,	50,	1.00721
4,	51,	1.0062
4,	52,	0.999972
4,	53,	0.998183
4,	54,	0.993137
4,	55,	1.00139
4,	56,	0.997936
4,	57,	1.00347
4,	58,	1.00371
4,	59,	0.99854
4,	60,	1.00551
4,	61,	0.995467
4,	62,	1.00402
4,	63,	0.997372
4,	64,	1.00088
4,	65,	1.00044
4,	66,	0.998641
4,	67,	1.00165
4,	68,	0.998497
4,	69,	1.001
4,	70,	0.999602
4,	71,	0.999801
4,	72,	1.00065
4,	73,	0.999049
4,	74,	1.00107
4,	75,	0.998944
4,	76,	1.00094
4,	77,	0.999238
4,	78,	1.00055
4,	79,	0.999666
4,	80,	1.00011
4,	81,	1.00011
4,	82,	0.999666
4,	83,	1.00055
4,	84,	0.999238
4,	85,	1.00094
4,	86,	0.998944
4,	87,	1.00107
4,	88,	0.999049
4,	89,	1.00065
4,	90,	0.999801
4,	91,	0.999602
4,	92,	1.001
4,	93,	0.998497
4,	94,	1.00165
4,	95,	0.998641
4,	96,	1.00044
4,	97,	1.00088
4,	98,	0.997372
4,	99,	1.00402
4,	100,	0.995467
5,	0,	1.00014
5,	1,	0.995605
5,	2,	1.00039
5,	3,	0.995119
5,	4,	1.00139
5,	5,	1.0041
5,	6,	1.00048
5,	7,	1.01045
5,	8,	0.994454
5,	9,	1.00617
5,	10,	0.998311
5,	11,	1.00767
5,	12,	1.00668
5,	13,	1.00444
5,	14,	0.995624
5,	15,	0.993169
5,	16,	0.992816
5,	17,	0.991987
5,	18,	0.997354
5,	19,	0.992717
5,	20,	0.999514
5,	21,	0.999594
5,	22,	1.00494
5,	23,	0.99876
5,	24,	1.00689
5,	25,	1.00277
5,	26,	1.00659
5,	27,	1.00121
5,	28,	1.00828
5,	29,	1.00212
5,	30,	1.00647
5,	31,	1.00212
5,	32,	1.00828
5,	33,	1.00121
5,	34,	1.00659
5,	35,	1.00277
5,	36,	1.00689
5,	37,	0.99876
5,	38,	1.00494
5,	39,	0.999594
5,	40,	0.999514
5,	41,	0.992717
5,	42,	0.997354
5,	43,	0.991987
5,	44,	0.992816
5,	45,	0.993169
5,	46,	0.995624
5,	47,	1.00444
5,	48,	1.00668
5,	49,	1.00767
5,	50,	0.998311
5,	51,	1.00617
5,	52,	0.994454
5,	53,	1.01045
5,	54,	1.00048
5,	55,	1.0041
5,	56,	1.00139
5,	57,	0.995119
5,	58,	1.00039
5,	59,	0.995605
5,	60,	1.00014
5,	61,	0.998894
5,	62,	1.00051
5,	63,	0.999015
5,	64,	1.00189
5,	65,	0.997458
5,	66,	1.00302
5,	67,	0.996956
5,	68,	1.00264
5,	69,	0.998026
5,	70,	1.00117
5,	71,	0.999611
5,	72,	0.999754
5,	73,	1.0007
5,	74,	0.999054
5,	75,	1.00102
5,	76,	0.999041
5,	77,	1.0008
5,	78,	0.999398
5,	79,	1.00037
5,	80,	0.999876
5,	81,	0.999876
5,	82,	1.00037
5,	83,	0.999398
5,	84,	1.0008
5,	85,	0.999041
5,	86,	1.00102
5,	87,	0.999054
5,	88,	1.0007
5,	89,	0.999754
5,	90,	0.999611
5,	91,	1.00117
5,	92,	0.998026
5,	93,	1.00264
5,	94,	0.996956
5,	95,	1.00302
5,	96,	0.997458
5,	97,	1.00189
5,	98,	0.999015
5,	99,	1.00051
5,	100,	0.998894
6,	0,	1.00158
6,	1,	1.00512
6,	2,	0.99711
6,	3,	1.00757
6,	4,	0.993137
6,	5,	1.00048
6,	6,	0.996994
6,	7,	1.00081
6,	8,	1.00903
6,	9,	1.00825
6,	10,	1.00399
6,	11,	0.99858
6,	12,	0.991931
6,	13,	0.993226
6,	14,	0.999392
6,	15,	0.997662
6,	16,	0.998127
6,	17,	0.998236
6,	18,	0.999271
6,	19,	1.0008
6,	20,	1.0019
6,	21,	0.99801
6,	22,	1.00068
6,	23,	1.00235
6,	24,	1.0007
6,	25,	0.99832
6,	26,	1.00231
6,	27,	1.00128
6,	28,	0.999427
6,	29,	0.999681
6,	30,	1.00274
6,	31,	0.999681
6,	32,	0.999427
6,	33,	1.00128
6,	34,	1.00231
6,	35,	0.99832
6,	36,	1.0007
6,	37,	1.00235
6,	38,	1.00068
6,	39,	0.99801
6,	40,	1.0019
6,	41,	1.0008
6,	42,	0.999271
6,	43,	0.998236
6,	44,	0.998127
6,	45,	0.997662
6,	46,	0.999392
6,	47,	0.993226
6,	48,	0.991931
6,	49,	0.99858
6,	50,	1.00399
6,	51,	1.00825
6,	52,	1.00903
6,	53,	1.00081
6,	54,	0.996994
6,	55,	1.00048
6,	56,	0.993137
6,	57,	1.00757
6,	58,	0.99711
6,	59,	1.00512
6,	60,	1.00158
6,	61,	0.998086
6,	62,	1.00412
6,	63,	0.99575
6,	64,	1.00334
6,	65,	0.997825
6,	66,	1.00079
6,	67,	1.00021
6,	68,	0.999239
6,	69,	1.00084
6,	70,	0.999413
6,	71,	1.00014
6,	72,	1.00031
6,	73,	0.9993
6,	74,	1.00093
6,	75,	0.998968
6,	76,	1.00099
6,	77,	0.999149
6,	78,	1.00064
6,	79,	0.9996
6,	80,	1.00013
6,	81,	1.00013
6,	82,	0.9996
6,	83,	1.00064
6,	84,	0.999149
6,	85,	1.00099
6,	86,	0.998968
6,	87,	1.00093
6,	88,	0.9993
6,	89,	1.00031
6,	90,	1.00014
6,	91,	0.999413
6,	92,	1.00084
6,	93,	0.999239
6,	94,	1.00021
6,	95,	1.00079
6,	96,	0.997825
6,	97,	1.00334
6,	98,	0.99575
6,	99,	1.00412
6,	100,	0.998086
7,	0,	0.997309
7,	1,	0.998445
7,	2,	0.996156
7,	3,	1.00217
7,	4,	0.998183
7,	5,	1.01045
7,	6,	1.00081
7,	7,	1.00698
7,	8,	1.00208
7,	9,	0.997917
7,	10,	1.00797
7,	11,	0.996949
7,	12,	1.00078
7,	13,	0.989847
7,	14,	0.991148
7,	15,	0.992775
7,	16,	1.00482
7,	17,	1.00072
7,	18,	1.00462
7,	19,	1.00452
7,	20,	1.00503
7,	21,	1.00561
7,	22,	1.00263
7,	23,	1.00023
7,	24,	0.999894
7,	25,	1.00274
7,	26,	0.995531
7,	27,	0.99779
7,	28,	0.998282
7,	29,	0.999461
7,	30,	0.992979
7,	31,	0.999461
7,	32,	0.998282
7,	33,	0.99779
7,	34,	0.995531
7,	35,	1.00274
7,	36,	0.999894
7,	37,	1.00023
7,	38,	1.00263
7,	39,	1.00561
7,	40,	1.00503
7,	41,	1.00452
7,	42,	1.00462
7,	43,	1.00072
7,	44,	1.00482
7,	45,	0.992775
7,	46,	0.991148
7,	47,	0.989847
7,	48,	1.00078
7,	49,	0.996949
7,	50,	1.00797
7,	51,	0.997917
7,	52,	1.00208
7,	53,	1.00698
7,	54,	1.00081
7,	55,	1.01045
7,	56,	0.998183
7,	57,	1.00217
7,	58,	0.996156
7,	59,	0.998445
7,	60,	0.997309
7,	61,	1.00006
7,	62,	0.998965
7,	63,	1.00009
7,	64,	1.00103
7,	65,	0.997942
7,	66,	1.00311
7,	67,	0.996356
7,	68,	1.00367
7,	69,	0.996731
7,	70,	1.00251
7,	71,	0.998369
7,	72,	1.00078
7,	73,	0.999945
7,	74,	0.99955
7,	75,	1.00074
7,	76,	0.999156
7,	77,	1.00079
7,	78,	0.999369
7,	79,	1.0004
7,	80,	0.999862
7,	81,	0.999862
7,	82,	1.0004
7,	83,	0.999369
7,	84,	1.00079
7,	85,	0.999156
7,	86,	1.00074
7,	87,	0.99955
7,	88,	0.999945
7,	89,	1.00078
7,	90,	0.998369
7,	91,	1.00251
7,	92,	0.996731
7,	93,	1.00367
7,	94,	0.996356
7,	95,	1.00311
7,	96,	0.997942
7,	97,	1.00103
7,	98,	1.00009
7,	99,	0.998965
7,	100,	1.00006
8,	0,	0.996009
8,	1,	1.00917
8,	2,	0.995983
8,	3,	1.00279
8,	4,	0.999972
8,	5,	0.994454
8,	6,	1.00903
8,	7,	1.00208
8,	8,	1.00842
8,	9,	1.00264
8,	10,	0.989295
8,	11,	0.99124
8,	12,	0.993538
8,	13,	1.00015
8,	14,	1.00616
8,	15,	1.00358
8,	16,	0.995754
8,	17,	1.00267
8,	18,	1.00141
8,	19,	0.999172
8,	20,	0.997269
8,	21,	0.998644
8,	22,	0.997579
8,	23,	1.00069
8,	24,	0.997412
8,	25,	0.997017
8,	26,	1.00005
8,	27,	1.00112
8,	28,	0.996072
8,	29,	0.998884
8,	30,	1.00168
8,	31,	0.998884
8,	32,	0.996072
8,	33,	1.00112
8,	34,	1.00005
8,	35,	0.997017
8,	36,	0.997412
8,	37,	1.00069
8,	38,	0.997579
8,	39,	0.998644
8,	40,	0.997269
8,	41,	0.999172
8,	42,	1.00141
8,	43,	1.00267
8,	44,	0.995754
8,	45,	1.00358
8,	46,	1.00616
8,	47,	1.00015
8,	48,	0.993538
8,	49,	0.99124
8,	50,	0.989295
8,	51,	1.00264
8,	52,	1.00842
8,	53,	1.00208
8,	54,	1.00903
8,	55,	0.994454
8,	56,	0.999972
8,	57,	1.00279
8,	58,	0.995983
8,	59,	1.00917
8,	60,	0.996009
8,	61,	1.00478
8,	62,	0.999299
8,	63,	0.999016
8,	64,	1.00208
8,	65,	0.997509
8,	66,	1.0019
8,	67,	0.998774
8,	68,	1.00052
8,	69,	0.99991
8,	70,	0.999964
8,	71,	0.999896
8,	72,	1.00037
8,	73,	0.999318
8,	74,	1.00091
8,	75,	0.998955
8,	76,	1.00104
8,	77,	0.999074
8,	78,	1.00072
8,	79,	0.999545
8,	80,	1.00015
8,	81,	1.00015
8,	82,	0.999545
8,	83,	1.00072
8,	84,	0.999074
8,	85,	1.00104
8,	86,	0.998955
8,	87,	1.00091
8,	88,	0.999318
8,	89,	1.00037
8,	90,	0.999896
8,	91,	0.999964
8,	92,	0.99991
8,	93,	1.00052
8,	94,	0.998774
8,	95,	1.0019
8,	96,	0.997509
8,	97,	1.00208
8,	98,	0.999016
8,	99,	0.999299
8,	100,	1.00478
9,	0,	0.9953
9,	1,	0.998825
9,	2,	0.998478
9,	3,	1.00191
9,	4,	1.0062
9,	5,	1.00617
9,	6,	1.00825
9,	7,	0.997917
9,	8,	1.00264
9,	9,	0.993125
9,	10,	0.998351
9,	11,	0.997554
9,	12,	0.990947
9,	13,	1.00088
9,	14,	0.999875
9,	15,	1.00907
9,	16,	1.00567
9,	17,	1.00399
9,	18,	0.993215
9,	19,	1.00303
9,	20,	0.995653
9,	21,	0.995353
9,	22,	0.992405
9,	23,	0.998303
9,	24,	0.994091
9,	25,	0.99772
9,	26,	0.995416
9,	27,	0.998352
9,	28,	0.997455
9,	29,	0.99935
9,	30,	0.996242
9,	31,	0.99935
9,	32,	0.997455
9,	33,	0.998352
9,	34,	0.995416
9,	35,	0.99772
9,	36,	0.994091
9,	37,	0.998303
9,	38,	0.992405
9,	39,	0.995353
9,	40,	0.995653
9,	41,	1.00303
9,	42,	0.993215
9,	43,	1.00399
9,	44,	1.00567
9,	45,	1.00907
9,	46,	0.999875
9,	47,	1.00088
9,	48,	0.990947
9,	49,	0.997554
9,	50,	0.998351
9,	51,	0.993125
9,	52,	1.00264
9,	53,	0.997917
9,	54,	1.00825
9,	55,	1.00617
9,	56,	1.0062
9,	57,	1.00191
9,	58,	0.998478
9,	59,	0.998825
9,	60,	0.9953
9,	61,	1.00204
9,	62,	0.995439
9,	63,	1.00347
9,	64,	0.997605
9,	65,	1.00081
9,	66,	1.00114
9,	67,	0.997364
9,	68,	1.00362
9,	69,	0.996031
9,	70,	1.00367
9,	71,	0.996997
9,	72,	1.00211
9,	73,	0.99879
9,	74,	1.00045
9,	75,	1.00011
9,	76,	0.999565
9,	77,	1.00056
9,	78,	0.999486
9,	79,	1.00035
9,	80,	0.999874
9,	81,	0.999874
9,	82,	1.00035
9,	83,	0.999486
9,	84,	1.00056
9,	85,	0.999565
9,	86,	1.00011
9,	87,	1.00045
9,	88,	0.99879
9,	89,	1.00211
9,	90,	0.996997
9,	91,	1.00367
9,	92,	0.996031
9,	93,	1.00362
9,	94,	0.997364
9,	95,	1.00114
9,	96,	1.00081
9,	97,	0.997605
9,	98,	1.00347
9,	99,	0.995439
9,	100,	1.00204
10,	0,	0.998861
10,	1,	1.00289
10,	2,	1.00436
10,	3,	0.994961
10,	4,	1.00721
10,	5,	0.998311
10,	6,	1.00399
10,	7,	1.00797
10,	8,	0.989295
10,	9,	0.998351
10,	10,	0.987544
10,	11,	0.997023
10,	12,	1.01124
10,	13,	1.00668
10,	14,	0.999603
10,	15,	0.995422
10,	16,	0.992099
10,	17,	0.997614
10,	18,	1.00466
10,	19,	0.992748
10,	20,	0.997521
10,	21,	1.0046
10,	22,	1.00435
10,	23,	0.996785
10,	24,	1.00421
10,	25,	1.00312
10,	26,	1.00257
10,	27,	0.999979
10,	28,	1.0041
10,	29,	1.00091
10,	30,	1.0025
10,	31,	1.00091
10,	32,	1.0041
10,	33,	0.999979
10,	34,	1.00257
10,	35,	1.00312
10,	36,	1.00421
10,	37,	0.996785
10,	38,	1.00435
10,	39,	1.0046
10,	40,	0.997521
10,	41,	0.992748
10,	42,	1.00466
10,	43,	0.997614
10,	44,	0.992099
10,	45,	0.995422
10,	46,	0.999603
10,	47,	1.00668
10,	48,	1.01124
10,	49,	0.997023
10,	50,	0.987544
10,	51,	0.998351
10,	52,	0.989295
10,	53,	1.00797
10,	54,	1.00399
10,	55,	0.998311
10,	56,	1.00721
10,	57,	0.994961
10,	58,	1.00436
10,	59,	1.00289
10,	60,	0.998861
10,	61,	1.00594
10,	62,	0.99641
10,	63,	1.00332
10,	64,	0.998174
10,	65,	1.00052
10,	66,	0.999989
10,	67,	0.999613
10,	68,	1.00034
10,	69,	0.999668
10,	70,	1.00034
10,	71,	0.999517
10,	72,	1.00069
10,	73,	0.999058
10,	74,	1.00113
10,	75,	0.998764
10,	76,	1.00121
10,	77,	0.99892
10,	78,	1.00084
10,	79,	0.999464
10,	80,	1.00018
10,	81,	1.00018
10,	82,	0.999464
10,	83,	1.00084
10,	84,	0.99892
10,	85,	1.00121
10,	86,	0.998764
10,	87,	1.00113
10,	88,	0.999058
10,	89,	1.00069
10,	90,	0.999517
10,	91,	1.00034
10,	92,	0.999668
10,	93,	1.00034
10,	94,	0.999613
10,	95,	0.999989
10,	96,	1.00052
10,	97,	0.998174
10,	98,	1.00332
10,	99,	0.99641
10,	100,	1.00594
11,	0,	1.00037
11,	1,	0.994586
11,	2,	1.00552
11,	3,	1.00317
11,	4,	1.00824
11,	5,	1.00767
11,	6,	0.99858
11,	7,	0.996949
11,	8,	0.99124
11,	9,	0.997554
11,	10,	0.997023
11,	11,	1.0062
11,	12,	0.999736
11,	13,	1.00301
11,	14,	1.00339
11,	15,	0.997539
11,	16,	0.99725
11,	17,	0.993251
11,	18,	0.996006
11,	19,	0.998631
11,	20,	1.00386
11,	21,	0.99538
11,	22,	1.00361
11,	23,	1.00457
11,	24,	1.00469
11,	25,	0.998602
11,	26,	1.00728
11,	27,	1.00312
11,	28,	1.00299
11,	29,	1.00075
11,	30,	1.00749
11,	31,	1.00075
11,	32,	1.00299
11,	33,	1.00312
11,	34,	1.00728
11,	35,	0.998602
11,	36,	1.00469
11,	37,	1.00457
11,	38,	1.00361
11,	39,	0.99538
11,	40,	1.00386
11,	41,	0.998631
11,	42,	0.996006
11,	43,	0.993251
11,	44,	0.99725
11,	45,	0.997539
11,	46,	1.00339
11,	47,	1.00301
11,	48,	0.999736
11,	49,	1.0062
11,	50,	0.997023
11,	51,	0.997554
11,	52,	0.99124
11,	53,	0.996949
11,	54,	0.99858
11,	55,	1.00767
11,	56,	1.00824
11,	57,	1.00317
11,	58,	1.00552
11,	59,	0.994586
11,	60,	1.00037
11,	61,	0.997847
11,	62,	0.996593
11,	63,	1.00389
11,	64,	0.995033
11,	65,	1.00433
11,	66,	0.997431
11,	67,	1.00059
11,	68,	1.0014
11,	69,	0.997186
11,	70,	1.00351
11,	71,	0.996416
11,	72,	1.0031
11,	73,	0.997628
11,	74,	1.00156
11,	75,	0.999172
11,	76,	1.00029
11,	77,	1.00005
11,	78,	0.999807
11,	79,	1.00018
11,	80,	0.999929
11,	81,	0.999929
11,	82,	1.00018
11,	83,	0.999807
11,	84,	1.00005
11,	85,	1.00029
11,	86,	0.999172
11,	87,	1.00156
11,	88,	0.997628
11,	89,	1.0031
11,	90,	0.996416
11,	91,	1.00351
11,	92,	0.997186
11,	93,	1.0014
11,	94,	1.00059
11,	95,	0.997431
11,	96,	1.00433
11,	97,	0.995033
11,	98,	1.00389
11,	99,	0.996593
11,	100,	0.997847
12,	0,	1.00472
12,	1,	0.999863
12,	2,	1.00511
12,	3,	1.00151
12,	4,	0.998844
12,	5,	1.00668
12,	6,	0.991931
12,	7,	1.00078
12,	8,	0.993538
12,	9,	0.990947
12,	10,	1.01124
12,	11,	0.999736
12,	12,	1.00644
12,	13,	0.995124
12,	14,	0.984507
12,	15,	0.996706
12,	16,	1.00883
12,	17,	1.00392
12,	18,	1.00238
12,	19,	1.00277
12,	20,	0.998741
12,	21,	1.00784
12,	22,	0.998924
12,	23,	0.992799
12,	24,	0.997415
12,	25,	1.00612
12,	26,	0.989769
12,	27,	0.993644
12,	28,	1.00131
12,	29,	1.00019
12,	30,	0.986624
12,	31,	1.00019
12,	32,	1.00131
12,	33,	0.993644
12,	34,	0.989769
12,	35,	1.00612
12,	36,	0.997415
12,	37,	0.992799
12,	38,	0.998924
12,	39,	1.00784
12,	40,	0.998741
12,	41,	1.00277
12,	42,	1.00238
12,	43,	1.00392
12,	44,	1.00883
12,	45,	0.996706
12,	46,	0.984507
12,	47,	0.995124
12,	48,	1.00644
12,	49,	0.999736
12,	50,	1.01124
12,	51,	0.990947
12,	52,	0.993538
12,	53,	1.00078
12,	54,	0.991931
12,	55,	1.00668
12,	56,	0.998844
12,	57,	1.00151
12,	58,	1.00511
12,	59,	0.999863
12,	60,	1.00472
12,	61,	1.00124
12,	62,	1.00013
12,	63,	1.00215
12,	64,	0.997678
12,	65,	1.0023
12,	66,	0.997687
12,	67,	1.00186
12,	68,	0.998432
12,	69,	1.00106
12,	70,	0.999422
12,	71,	1.00001
12,	72,	1.00051
12,	73,	0.999028
12,	74,	1.00129
12,	75,	0.998522
12,	76,	1.00147
12,	77,	0.998671
12,	78,	1.00103
12,	79,	0.999334
12,	80,	1.00022
12,	81,	1.00022
12,	82,	0.999334
12,	83,	1.00103
12,	84,	0.998671
12,	85,	1.00147
12,	86,	0.998522
12,	87,	1.00129
12,	88,	0.999028
12,	89,	1.00051
12,	90,	1.00001
12,	91,	0.999422
12,	92,	1.00106
12,	93,	0.998432
12,	94,	1.00186
12,	95,	0.997687
12,	96,	1.0023
12,	97,	0.997678
12,	98,	1.00215
12,	99,	1.00013
12,	100,	1.00124
13,	0,	1.003
13,	1,	0.998771
13,	2,	1.00364
13,	3,	1.01133
13,	4,	1.00046
13,	5,	1.00444
13,	6,	0.993226
13,	7,	0.989847
13,	8,	1.00015
13,	9,	1.00088
13,	10,	1.00668
13,	11,	1.00301
13,	12,	0.995124
13,	13,	0.993272
13,	14,	1.00241
13,	15,	0.998805
13,	16,	0.999498
13,	17,	1.00182
13,	18,	1.00074
13,	19,	1.00464
13,	20,	1.00287
13,	21,	0.997886
13,	22,	0.998034
13,	23,	1.00512
13,	24,	0.996455
13,	25,	0.995175
13,	26,	0.999742
13,	27,	1.00208
13,	28,	0.992421
13,	29,	0.998013
13,	30,	1.00096
13,	31,	0.998013
13,	32,	0.992421
13,	33,	1.00208
13,	34,	0.999742
13,	35,	0.995175
13,	36,	0.996455
13,	37,	1.00512
13,	38,	0.998034
13,	39,	0.997886
13,	40,	1.00287
13,	41,	1.00464
13,	42,	1.00074
13,	43,	1.00182
13,	44,	0.999498
13,	45,	0.998805
13,	46,	1.00241
13,	47,	0.993272
13,	48,	0.995124
13,	49,	1.00301
13,	50,	1.00668
13,	51,	1.00088
13,	52,	1.00015
13,	53,	0.989847
13,	54,	0.993226
13,	55,	1.00444
13,	56,	1.00046
13,	57,	1.01133
13,	58,	1.00364
13,	59,	0.998771
13,	60,	1.003
13,	61,	0.993735
13,	62,	1.00112
13,	63,	0.9995
13,	64,	0.997102
13,	65,	1.00421
13,	66,	0.99569
13,	67,	1.00336
13,	68,	0.998405
13,	69,	0.999773
13,	70,	1.00174
13,	71,	0.997305
13,	72,	1.00299
13,	73,	0.997174
13,	74,	1.00231
13,	75,	0.998319
13,	76,	1.00108
13,	77,	0.999402
13,	78,	1.00028
13,	79,	0.9999
13,	80,	1.00002
13,	81,	1.00002
13,	82,	0.9999
13,	83,	1.00028
13,	84,	0.999402
13,	85,	1.00108
13,	86,	0.998319
13,	87,	1.00231
13,	88,	0.997174
13,	89,	1.00299
13,	90,	0.997305
13,	91,	1.00174
13,	92,	0.999773
13,	93,	0.998405
13,	94,	1.00336
13,	95,	0.99569
13,	96,	1.00421
13,	97,	0.997102
13,	98,	0.9995
13,	99,	1.00112
13,	100,	0.993735
14,	0,	1.0036
14,	1,	1.00544
14,	2,	1.00044
14,	3,	1.0039
14,	4,	0.996747
14,	5,	0.995624
14,	6,	0.999392
14,	7,	0.991148
14,	8,	1.00616
14,	9,	0.999875
14,	10,	0.999603
14,	11,	1.00339
14,	12,	0.984507
14,	13,	1.00241
14,	14,	1.00395
14,	15,	1.0091
14,	16,	1.00615
14,	17,	0.996294
14,	18,	0.986849
14,	19,	1.00147
14,	20,	1.00003
14,	21,	0.989744
14,	22,	0.99641
14,	23,	1.00136
14,	24,	1.00068
14,	25,	0.998289
14,	26,	1.00299
14,	27,	1.00041
14,	28,	1.00485
14,	29,	1.00127
14,	30,	1.00304
14,	31,	1.00127
14,	32,	1.00485
14,	33,	1.00041
14,	34,	1.00299
14,	35,	0.998289
14,	36,	1.00068
14,	37,	1.00136
14,	38,	0.99641
14,	39,	0.989744
14,	40,	1.00003
14,	41,	1.00147
14,	42,	0.986849
14,	43,	0.996294
14,	44,	1.00615
14,	45,	1.0091
14,	46,	1.00395
14,	47,	1.00241
14,	48,	0.984507
14,	49,	1.00339
14,	50,	0.999603
14,	51,	0.999875
14,	52,	1.00616
14,	53,	0.991148
14,	54,	0.999392
14,	55,	0.995624
14,	56,	0.996747
14,	57,	1.0039
14,	58,	1.00044
14,	59,	1.00544
14,	60,	1.0036
14,	61,	1.00163
14,	62,	1.00281
14,	63,	0.999396
14,	64,	1.00039
14,	65,	1.00063
14,	66,	0.998131
14,	67,	1.00247
14,	68,	0.997065
14,	69,	1.00276
14,	70,	0.997702
14,	71,	1.00148
14,	72,	0.999392
14,	73,	0.999745
14,	74,	1.00093
14,	75,	0.998613
14,	76,	1.00156
14,	77,	0.998497
14,	78,	1.00121
14,	79,	0.9992
14,	80,	1.00027
14,	81,	1.00027
14,	82,	0.9992
14,	83,	1.00121
14,	84,	0.998497
14,	85,	1.00156
14,	86,	0.998613
14,	87,	1.00093
14,	88,	0.999745
14,	89,	0.999392
14,	90,	1.00148
14,	91,	0.997702
14,	92,	1.00276
14,	93,	0.997065
14,	94,	1.00247
14,	95,	0.998131
14,	96,	1.00063
14,	97,	1.00039
14,	98,	0.999396
14,	99,	1.00281
14,	100,	1.00163
15,	0,	1.00112
15,	1,	1.00547
15,	2,	1.00173
15,	3,	1.00888
15,	4,	0.999838
15,	5,	0.993169
15,	6,	0.997662
15,	7,	0.992775
15,	8,	1.00358
15,	9,	1.00907
15,	10,	0.995422
15,	11,	0.997539
15,	12,	0.996706
15,	13,	0.998805
15,	14,	1.0091
15,	15,	1.00144
15,	16,	0.990148
15,	17,	1.00161
15,	18,	1.00444
15,	19,	0.997172
15,	20,	0.998179
15,	21,	0.998975
15,	22,	0.999707
15,	23,	1.00295
15,	24,	0.999249
15,	25,	0.995333
15,	26,	1.00424
15,	27,	1.00392
15,	28,	0.994973
15,	29,	0.998675
15,	30,	1.0074
15,	31,	0.998675
15,	32,	0.994973
15,	33,	1.00392
15,	34,	1.00424
15,	35,	0.995333
15,	36,	0.999249
15,	37,	1.00295
15,	38,	0.999707
15,	39,	0.998975
15,	40,	0.998179
15,	41,	0.997172
15,	42,	1.00444
15,	43,	1.00161
15,	44,	0.990148
15,	45,	1.00144
15,	46,	1.0091
15,	47,	0.998805
15,	48,	0.996706
15,	49,	0.997539
15,	50,	0.995422
15,	51,	1.00907
15,	52,	1.00358
15,	53,	0.992775
15,	54,	0.997662
15,	55,	0.993169
15,	56,	0.999838
15,	57,	1.00888
15,	58,	1.00173
15,	59,	1.00547
15,	60,	1.00112
15,	61,	0.995964
15,	62,	1.00221
15,	63,	0.99641
15,	64,	1.00026
15,	65,	1.00146
15,	66,	0.996937
15,	67,	1.00361
15,	68,	0.996951
15,	69,	1.00183
15,	70,	0.999641
15,	71,	0.999037
15,	72,	1.00187
15,	73,	0.997687
15,	74,	1.0023
15,	75,	0.997979
15,	76,	1.00158
15,	77,	0.998881
15,	78,	1.00071
15,	79,	0.999618
15,	80,	1.00012
15,	81,	1.00012
15,	82,	0.999618
15,	83,	1.00071
15,	84,	0.998881
15,	85,	1.00158
15,	86,	0.997979
15,	87,	1.0023
15,	88,	0.997687
15,	89,	1.00187
15,	90,	0.999037
15,	91,	0.999641
15,	92,	1.00183
15,	93,	0.996951
15,	94,	1.00361
15,	95,	0.996937
15,	96,	1.00146
15,	97,	1.00026
15,	98,	0.99641
15,	99,	1.00221
15,	100,	0.995964
16,	0,	1.00288
16,	1,	1.00584
16,	2,	1.00114
16,	3,	0.996423
16,	4,	0.997839
16,	5,	0.992816
16,	6,	0.998127
16,	7,	1.00482
16,	8,	0.995754
16,	9,	1.00567
16,	10,	0.992099
16,	11,	0.99725
16,	12,	1.00883
16,	13,	0.999498
16,	14,	1.00615
16,	15,	0.990148
16,	16,	0.989022
16,	17,	0.996904
16,	18,	1.00796
16,	19,	0.999699
16,	20,	1.00477
16,	21,	1.00235
16,	22,	1.00496
16,	23,	1.00634
16,	24,	1.00163
16,	25,	0.997194
16,	26,	1.00379
16,	27,	1.00362
16,	28,	0.994309
16,	29,	0.998495
16,	30,	1.00427
16,	31,	0.998495
16,	32,	0.994309
16,	33,	1.00362
16,	34,	1.00379
16,	35,	0.997194
16,	36,	1.00163
16,	37,	1.00634
16,	38,	1.00496
16,	39,	1.00235
16,	40,	1.00477
16,	41,	0.999699
16,	42,	1.00796
16,	43,	0.996904
16,	44,	0.989022
16,	45,	0.990148
16,	46,	1.00615
16,	47,	0.999498
16,	48,	1.00883
16,	49,	0.99725
16,	50,	0.992099
16,	51,	1.00567
16,	52,	0.995754
16,	53,	1.00482
16,	54,	0.998127
16,	55,	0.992816
16,	56,	0.997839
16,	57,	0.996423
16,	58,	1.00114
16,	59,	1.00584
16,	60,	1.00288
16,	61,	1.00483
16,	62,	1.00254
16,	63,	0.99948
16,	64,	1.00201
16,	65,	0.998549
16,	66,	1.00005
16,	67,	1.0012
16,	68,	0.997393
16,	69,	1.00331
16,	70,	0.996497
16,	71,	1.00299
16,	72,	0.997856
16,	73,	1.00106
16,	74,	0.99994
16,	75,	0.999255
16,	76,	1.00122
16,	77,	0.99862
16,	78,	1.00121
16,	79,	0.999164
16,	80,	1.00028
16,	81,	1.00028
16,	82,	0.999164
16,	83,	1.00121
16,	84,	0.99862
16,	85,	1.00122
16,	86,	0.999255
16,	87,	0.99994
16,	88,	1.00106
16,	89,	0.997856
16,	90,	1.00299
16,	91,	0.996497
16,	92,	1.00331
16,	93,	0.997393
16,	94,	1.0012
16,	95,	1.00005
16,	96,	0.998549
16,	97,	1.00201
16,	98,	0.99948
16,	99,	1.00254
16,	100,	1.00483
17,	0,	1.0003
17,	1,	1.00726
17,	2,	1.00136
17,	3,	1.00315
17,	4,	0.998493
17,	5,	0.991987
17,	6,	0.998236
17,	7,	1.00072
17,	8,	1.00267
17,	9,	1.00399
17,	10,	0.997614
17,	11,	0.993251
17,	12,	1.00392
17,	13,	1.00182
17,	14,	0.996294
17,	15,	1.00161
17,	16,	0.996904
17,	17,	1.00474
17,	18,	1.00692
17,	19,	0.994008
17,	20,	0.992439
17,	21,	1.00791
17,	22,	1.00011
17,	23,	0.991145
17,	24,	0.999669
17,	25,	1.00483
17,	26,	0.995756
17,	27,	0.996628
17,	28,	1.0026
17,	29,	1.00058
17,	30,	0.995747
17,	31,	1.00058
17,	32,	1.0026
17,	33,	0.996628
17,	34,	0.995756
17,	35,	1.00483
17,	36,	0.999669
17,	37,	0.991145
17,	38,	1.00011
17,	39,	1.00791
17,	40,	0.992439
17,	41,	0.994008
17,	42,	1.00692
17,	43,	1.00474
17,	44,	0.996904
17,	45,	1.00161
17,	46,	0.996294
17,	47,	1.00182
17,	48,	1.00392
17,	49,	0.993251
17,	50,	0.997614
17,	51,	1.00399
17,	52,	1.00267
17,	53,	1.00072
17,	54,	0.998236
17,	55,	0.991987
17,	56,	0.998493
17,	57,	1.00315
17,	58,	1.00136
17,	59,	1.00726
17,	60,	1.0003
17,	61,	0.99965
17,	62,	1.00136
17,	63,	0.99622
17,	64,	1.00174
17,	65,	0.999042
17,	66,	0.999038
17,	67,	1.00224
17,	68,	0.997254
17,	69,	1.00247
17,	70,	0.998359
17,	71,	1.00054
17,	72,	1.00048
17,	73,	0.99875
17,	74,	1.00165
17,	75,	0.998245
17,	76,	1.00159
17,	77,	0.998709
17,	78,	1.00092
17,	79,	0.999453
17,	80,	1.00018
17,	81,	1.00018
17,	82,	0.999453
17,	83,	1.00092
17,	84,	0.998709
17,	85,	1.00159
17,	86,	0.998245
17,	87,	1.00165
17,	88,	0.99875
17,	89,	1.00048
17,	90,	1.00054
17,	91,	0.998359
17,	92,	1.00247
17,	93,	0.997254
17,	94,	1.00224
17,	95,	0.999038
17,	96,	0.999042
17,	97,	1.00174
17,	98,	0.99622
17,	99,	1.00136
17,	100,	0.99965
18,	0,	1.00256
18,	1,	1.00426
18,	2,	0.99902
18,	3,	0.993821
18,	4,	0.994896
18,	5,	0.997354
18,	6,	0.999271
18,	7,	1.00462
18,	8,	1.00141
18,	9,	0.993215
18,	10,	1.00466
18,	11,	0.996006
18,	12,	1.00238
18,	13,	1.00074
18,	14,	0.986849
18,	15,	1.00444
18,	16,	1.00796
18,	17,	1.00692
18,	18,	0.999299
18,	19,	0.998564
18,	20,	0.992137
18,	21,	1.0047
18,	22,	0.995338
18,	23,	0.989737
18,	24,	0.996413
18,	25,	1.00491
18,	26,	0.991596
18,	27,	0.994332
18,	28,	1.0034
18,	29,	1.00086
18,	30,	0.990788
18,	31,	1.00086
18,	32,	1.0034
18,	33,	0.994332
18,	34,	0.991596
18,	35,	1.00491
18,	36,	0.996413
18,	37,	0.989737
18,	38,	0.995338
18,	39,	1.0047
18,	40,	0.992137
18,	41,	0.998564
18,	42,	0.999299
18,	43,	1.00692
18,	44,	1.00796
18,	45,	1.00444
18,	46,	0.986849
18,	47,	1.00074
18,	48,	1.00238
18,	49,	0.996006
18,	50,	1.00466
18,	51,	0.993215
18,	52,	1.00141
18,	53,	1.00462
18,	54,	0.999271
18,	55,	0.997354
18,	56,	0.994896
18,	57,	0.993821
18,	58,	0.99902
18,	59,	1.00426
18,	60,	1.00256
18,	61,	1.00731
18,	62,	1.00203
18,	63,	1.00114
18,	64,	1.00233
18,	65,	0.997483
18,	66,	1.00178
18,	67,	0.99931
18,	68,	0.998803
18,	69,	1.00266
18,	70,	0.996326
18,	71,	1.00384
18,	72,	0.996579
18,	73,	1.00246
18,	74,	0.998637
18,	75,	1.00032
18,	76,	1.00045
18,	77,	0.999114
18,	78,	1.00093
18,	79,	0.999295
18,	80,	1.00024
18,	81,	1.00024
18,	82,	0.999295
18,	83,	1.00093
18,	84,	0.999114
18,	85,	1.00045
18,	86,	1.00032
18,	87,	0.998637
18,	88,	1.00246
18,	89,	0.996579
18,	90,	1.00384
18,	91,	0.996326
18,	92,	1.00266
18,	93,	0.998803
18,	94,	0.99931
18,	95,	1.00178
18,	96,	0.997483
18,	97,	1.00233
18,	98,	1.00114
18,	99,	1.00203
18,	100,	1.00731
19,	0,	1.00006
19,	1,	1.00577
19,	2,	1.00147
19,	3,	0.997504
19,	4,	0.999585
19,	5,	0.992717
19,	6,	1.0008
19,	7,	1.00452
19,	8,	0.999172
19,	9,	1.00303
19,	10,	0.992748
19,	11,	0.998631
19,	12,	1.00277
19,	13,	1.00464
19,	14,	1.00147
19,	15,	0.997172
19,	16,	0.999699
19,	17,	0.994008
19,	18,	0.998564
19,	19,	0.997591
19,	20,	1.00221
19,	21,	1.00188
19,	22,	1.00458
19,	23,	0.997958
19,	24,	1.00528
19,	25,	1.00528
19,	26,	1.00064
19,	27,	0.997869
19,	28,	1.00769
19,	29,	1.00186
19,	30,	0.997617
19,	31,	1.00186
19,	32,	1.00769
19,	33,	0.997869
19,	34,	1.00064
19,	35,	1.00528
19,	36,	1.00528
19,	37,	0.997958
19,	38,	1.00458
19,	39,	1.00188
19,	40,	1.00221
19,	41,	0.997591
19,	42,	0.998564
19,	43,	0.994008
19,	44,	0.999699
19,	45,	0.997172
19,	46,	1.00147
19,	47,	1.00464
19,	48,	1.00277
19,	49,	0.998631
19,	50,	0.992748
19,	51,	1.00303
19,	52,	0.999172
19,	53,	1.00452
19,	54,	1.0008
19,	55,	0.992717
19,	56,	0.999585
19,	57,	0.997504
19,	58,	1.00147
19,	59,	1.00577
19,	60,	1.00006
19,	61,	1.00269
19,	62,	1.00003
19,	63,	0.997938
19,	64,	1.00159
19,	65,	0.998036
19,	66,	1.00056
19,	67,	1.00058
19,	68,	0.998434
19,	69,	1.002
19,	70,	0.998117
19,	71,	1.00131
19,	72,	0.999439
19,	73,	0.999808
19,	74,	1.00076
19,	75,	0.998895
19,	76,	1.00119
19,	77,	0.998899
19,	78,	1.00086
19,	79,	0.999456
19,	80,	1.00019
19,	81,	1.00019
19,	82,	0.999456
19,	83,	1.00086
19,	84,	0.998899
19,	85,	1.00119
19,	86,	0.998895
19,	87,	1.00076
19,	88,	0.999808
19,	89,	0.999439
19,	90,	1.00131
19,	91,	0.998117
19,	92,	1.002
19,	93,	0.998434
19,	94,	1.00058
19,	95,	1.00056
19,	96,	0.998036
19,	97,	1.00159
19,	98,	0.997938
19,	99,	1.00003
19,	100,	1.00269
20,	0,	1.00254
20,	1,	1.00039
20,	2,	0.998774
20,	3,	0.990173
20,	4,	0.997001
20,	5,	0.999514
20,	6,	1.0019
20,	7,	1.00503
20,	8,	0.997269
20,	9,	0.995653
20,	10,	0.997521
20,	11,	1.00386
20,	12,	0.998741
20,	13,	1.00287
20,	14,	1.00003
20,	15,	0.998179
20,	16,	1.00477
20,	17,	0.992439
20,	18,	0.992137
20,	19,	1.00221
20,	20,	1.00597
20,	21,	0.995424
20,	22,	1.00262
20,	23,	1.00329
20,	24,	1.00401
20,	25,	1.00127
20,	26,	1.00275
20,	27,	1.00014
20,	28,	1.00483
20,	29,	1.00127
20,	30,	1.00036
20,	31,	1.00127
20,	32,	1.00483
20,	33,	1.00014
20,	34,	1.00275
20,	35,	1.00127
20,	36,	1.00401
20,	37,	1.00329
20,	38,	1.00262
20,	39,	0.995424
20,	40,	1.00597
20,	41,	1.00221
20,	42,	0.992137
20,	43,	0.992439
20,	44,	1.00477
20,	45,	0.998179
20,	46,	1.00003
20,	47,	1.00287
20,	48,	0.998741
20,	49,	1.00386
20,	50,	0.997521
20,	51,	0.995653
20,	52,	0.997269
20,	53,	1.00503
20,	54,	1.0019
20,	55,	0.999514
20,	56,	0.997001
20,	57,	0.990173
20,	58,	0.998774
20,	59,	1.00039
20,	60,	1.00254
20,	61,	1.00861
20,	62,	1.00132
20,	63,	1.00385
20,	64,	1.00147
20,	65,	0.997889
20,	66,	1.00254
20,	67,	0.997809
20,	68,	1.00041
20,	69,	1.00135
20,	70,	0.997003
20,	71,	1.00389
20,	72,	0.995905
20,	73,	1.00352
20,	74,	0.997406
20,	75,	1.00149
20,	76,	0.999459
20,	77,	0.999867
20,	78,	1.00042
20,	79,	0.999578
20,	80,	1.00015
20,	81,	1.00015
20,	82,	0.999578
20,	83,	1.00042
20,	84,	0.999867
20,	85,	0.999459
20,	86,	1.00149
20,	87,	0.997406
20,	88,	1.00352
20,	89,	0.995905
20,	90,	1.00389
20,	91,	0.997003
20,	92,	1.00135
20,	93,	1.00041
20,	94,	0.997809
20,	95,	1.00254
20,	96,	0.997889
20,	97,	1.00147
20,	98,	1.00385
20,	99,	1.00132
20,	100,	1.00861
21,	0,	1.00105
21,	1,	1.00256
21,	2,	1.00088
21,	3,	0.996647
21,	4,	0.997455
21,	5,	0.999594
21,	6,	0.99801
21,	7,	1.00561
21,	8,	0.998644
21,	9,	0.995353
21,	10,	1.0046
21,	11,	0.99538
21,	12,	1.00784
21,	13,	0.997886
21,	14,	0.989744
21,	15,	0.998975
21,	16,	1.00235
21,	17,	1.00791
21,	18,	1.0047
21,	19,	1.00188
21,	20,	0.995424
21,	21,	1.00495
21,	22,	0.995871
21,	23,	0.995033
21,	24,	0.994443
21,	25,	1.00089
21,	26,	0.992207
21,	27,	0.996613
21,	28,	0.996538
21,	29,	0.999001
21,	30,	0.992182
21,	31,	0.999001
21,	32,	0.996538
21,	33,	0.996613
21,	34,	0.992207
21,	35,	1.00089
21,	36,	0.994443
21,	37,	0.995033
21,	38,	0.995871
21,	39,	1.00495
21,	40,	0.995424
21,	41,	1.00188
21,	42,	1.0047
21,	43,	1.00791
21,	44,	1.00235
21,	45,	0.998975
21,	46,	0.989744
21,	47,	0.997886
21,	48,	1.00784
21,	49,	0.99538
21,	50,	1.0046
21,	51,	0.995353
21,	52,	0.998644
21,	53,	1.00561
21,	54,	0.99801
21,	55,	0.999594
21,	56,	0.997455
21,	57,	0.996647
21,	58,	1.00088
21,	59,	1.00256
21,	60,	1.00105
21,	61,	1.00317
21,	62,	0.99984
21,	63,	0.999682
21,	64,	1.00085
21,	65,	0.998288
21,	66,	1.00104
21,	67,	0.999533
21,	68,	0.999546
21,	69,	1.00112
21,	70,	0.998531
21,	71,	1.00139
21,	72,	0.998944
21,	73,	1.00054
21,	74,	0.999963
21,	75,	0.999626
21,	76,	1.00061
21,	77,	0.999316
21,	78,	1.0006
21,	79,	0.999595
21,	80,	1.00014
21,	81,	1.00014
21,	82,	0.999595
21,	83,	1.0006
21,	84,	0.999316
21,	85,	1.00061
21,	86,	0.999626
21,	87,	0.999963
21,	88,	1.00054
21,	89,	0.998944
21,	90,	1.00139
21,	91,	0.998531
21,	92,	1.00112
21,	93,	0.999546
21,	94,	0.999533
21,	95,	1.00104
21,	96,	0.998288
21,	97,	1.00085
21,	98,	0.999682
21,	99,	0.99984
21,	100,	1.00317
22,	0,	1.00304
22,	1,	0.99662
22,	2,	0.997587
22,	3,	0.991176
22,	4,	0.996232
22,	5,	1.00494
22,	6,	1.00068
22,	7,	1.00263
22,	8,	0.997579
22,	9,	0.992405
22,	10,	1.00435
22,	11,	1.00361
22,	12,	0.998924
22,	13,	0.998034
22,	14,	0.99641
22,	15,	0.999707
22,	16,	1.00496
22,	17,	1.00011
22,	18,	0.995338
22,	19,	1.00458
22,	20,	1.00262
22,	21,	0.995871
22,	22,	0.997515
22,	23,	1.00355
22,	24,	0.99763
22,	25,	0.997091
22,	26,	0.999584
22,	27,	1.00085
22,	28,	0.996893
22,	29,	0.999286
22,	30,	0.999828
22,	31,	0.999286
22,	32,	0.996893
22,	33,	1.00085
22,	34,	0.999584
22,	35,	0.997091
22,	36,	0.99763
22,	37,	1.00355
22,	38,	0.997515
22,	39,	0.995871
22,	40,	1.00262
22,	41,	1.00458
22,	42,	0.995338
22,	43,	1.00011
22,	44,	1.00496
22,	45,	0.999707
22,	46,	0.99641
22,	47,	0.998034
22,	48,	0.998924
22,	49,	1.00361
22,	50,	1.00435
22,	51,	0.992405
22,	52,	0.997579
22,	53,	1.00263
22,	54,	1.00068
22,	55,	1.00494
22,	56,	0.996232
22,	57,	0.991176
22,	58,	0.997587
22,	59,	0.99662
22,	60,	1.00304
22,	61,	1.0077
22,	62,	1.00172
22,	63,	1.00579
22,	64,	1.00061
22,	65,	0.999079
22,	66,	1.00241
22,	67,	0.997138
22,	68,	1.00154
22,	69,	1.00007
22,	70,	0.99799
22,	71,	1.00343
22,	72,	0.995787
22,	73,	1.00412
22,	74,	0.996482
22,	75,	1.00252
22,	76,	0.998474
22,	77,	1.00069
22,	78,	0.99982
22,	79,	0.999941
22,	80,	1.00003
22,	81,	1.00003
22,	82,	0.999941
22,	83,	0.99982
22,	84,	1.00069
22,	85,	0.998474
22,	86,	1.00252
22,	87,	0.996482
22,	88,	1.00412
22,	89,	0.995787
22,	90,	1.00343
22,	91,	0.99799
22,	92,	1.00007
22,	93,	1.00154
22,	94,	0.997138
22,	95,	1.00241
22,	96,	0.999079
22,	97,	1.00061
22,	98,	1.00579
22,	99,	1.00172
22,	100,	1.0077
23,	0,	1.00067
23,	1,	1.00099
23,	2,	0.999744
23,	3,	0.996543
23,	4,	0.999256
23,	5,	0.99876
23,	6,	1.00235
23,	7,	1.00023
23,	8,	1.00069
23,	9,	0.998303
23,	10,	0.996785
23,	11,	1.00457
23,	12,	0.992799
23,	13,	1.00512
23,	14,	1.00136
23,	15,	1.00295
23,	16,	1.00634
23,	17,	0.991145
23,	18,	0.989737
23,	19,	0.997958
23,	20,	1.00329
23,	21,	0.995033
23,	22,	1.00355
23,	23,	0.999893
23,	24,	1.00689
23,	25,	1.00354
23,	26,	1.00488
23,	27,	0.999588
23,	28,	1.01032
23,	29,	1.00258
23,	30,	1.00263
23,	31,	1.00258
23,	32,	1.01032
23,	33,	0.999588
23,	34,	1.00488
23,	35,	1.00354
23,	36,	1.00689
23,	37,	0.999893
23,	38,	1.00355
23,	39,	0.995033
23,	40,	1.00329
23,	41,	0.997958
23,	42,	0.989737
23,	43,	0.991145
23,	44,	1.00634
23,	45,	1.00295
23,	46,	1.00136
23,	47,	1.00512
23,	48,	0.992799
23,	49,	1.00457
23,	50,	0.996785
23,	51,	0.998303
23,	52,	1.00069
23,	53,	1.00023
23,	54,	1.00235
23,	55,	0.99876
23,	56,	0.999256
23,	57,	0.996543
23,	58,	0.999744
23,	59,	1.00099
23,	60,	1.00067
23,	61,	1.00326
23,	62,	0.99979
23,	63,	1.00101
23,	64,	1.00025
23,	65,	0.998947
23,	66,	1.00099
23,	67,	0.999057
23,	68,	1.00028
23,	69,	1.00031
23,	70,	0.999138
23,	71,	1.00112
23,	72,	0.998862
23,	73,	1.00091
23,	74,	0.99941
23,	75,	1.00024
23,	76,	1.00004
23,	77,	0.999787
23,	78,	1.00026
23,	79,	0.999796
23,	80,	1.00007
23,	81,	1.00007
23,	82,	0.999796
23,	83,	1.00026
23,	84,	0.999787
23,	85,	1.00004
23,	86,	1.00024
23,	87,	0.99941
23,	88,	1.00091
23,	89,	0.998862
23,	90,	1.00112
23,	91,	0.999138
23,	92,	1.00031
23,	93,	1.00028
23,	94,	0.999057
23,	95,	1.00099
23,	96,	0.998947
23,	97,	1.00025
23,	98,	1.00101
23,	99,	0.99979
23,	100,	1.00326
24,	0,	1.00299
24,	1,	0.994136
24,	2,	0.996664
24,	3,	0.992662
24,	4,	0.996941
24,	5,	1.00689
24,	6,	1.0007
24,	7,	0.999894
24,	8,	0.997412
24,	9,	0.994091
24,	10,	1.00421
24,	11,	1.00469
24,	12,	0.997415
24,	13,	0.996455
24,	14,	1.00068
24,	15,	0.999249
24,	16,	1.00163
24,	17,	0.999669
24,	18,	0.996413
24,	19,	1.00528
24,	20,	1.00401
24,	21,	0.994443
24,	22,	0.99763
24,	23,	1.00689
24,	24,	0.99717
24,	25,	0.994106
24,	26,	1.00191
24,	27,	1.0031
24,	28,	0.993582
24,	29,	0.998489
24,	30,	1.00333
24,	31,	0.998489
24,	32,	0.993582
24,	33,	1.0031
24,	34,	1.00191
24,	35,	0.994106
24,	36,	0.99717
24,	37,	1.00689
24,	38,	0.99763
24,	39,	0.994443
24,	40,	1.00401
24,	41,	1.00528
24,	42,	0.996413
24,	43,	0.999669
24,	44,	1.00163
24,	45,	0.999249
24,	46,	1.00068
24,	47,	0.996455
24,	48,	0.997415
24,	49,	1.00469
24,	50,	1.00421
24,	51,	0.994091
24,	52,	0.997412
24,	53,	0.999894
24,	54,	1.0007
24,	55,	1.00689
24,	56,	0.996941
24,	57,	0.992662
24,	58,	0.996664
24,	59,	0.994136
24,	60,	1.00299
24,	61,	1.00634
24,	62,	1.00228
24,	63,	1.00699
24,	64,	1.00008
24,	65,	1.00035
24,	66,	1.00193
24,	67,	0.997046
24,	68,	1.00215
24,	69,	0.999115
24,	70,	0.998901
24,	71,	1.00281
24,	72,	0.995986
24,	73,	1.00435
24,	74,	0.995902
24,	75,	1.00328
24,	76,	0.997662
24,	77,	1.00142
24,	78,	0.999254
24,	79,	1.0003
24,	80,	0.999908
24,	81,	0.999908
24,	82,	1.0003
24,	83,	0.999254
24,	84,	1.00142
24,	85,	0.997662
24,	86,	1.00328
24,	87,	0.995902
24,	88,	1.00435
24,	89,	0.995986
24,	90,	1.00281
24,	91,	0.998901
