0,	0,	1.00022
0,	1,	0.999653
0,	2,	0.998456
0,	3,	0.999673
0,	4,	1.00091
0,	5,	1.00184
0,	6,	1.00126
0,	7,	1.00261
0,	8,	1.00243
0,	9,	1.0006
0,	10,	1.00527
0,	11,	0.999315
0,	12,	1.00187
0,	13,	0.995832
0,	14,	0.996425
0,	15,	1.00067
0,	16,	0.998292
0,	17,	1.00638
0,	18,	1.00168
0,	19,	1.00104
0,	20,	0.999322
0,	21,	0.997253
0,	22,	1.00087
0,	23,	1.00123
0,	24,	1.00171
0,	25,	1.00218
0,	26,	0.998623
0,	27,	0.997819
0,	28,	0.999075
0,	29,	0.996134
0,	30,	1.00086
0,	31,	0.996134
0,	32,	0.999075
0,	33,	0.997819
0,	34,	0.998623
0,	35,	1.00218
0,	36,	1.00171
0,	37,	1.00123
0,	38,	1.00087
0,	39,	0.997253
0,	40,	0.999322
0,	41,	1.00104
0,	42,	1.00168
0,	43,	1.00638
0,	44,	0.998292
0,	45,	1.00067
0,	46,	0.996425
0,	47,	0.995832
0,	48,	1.00187
0,	49,	0.999315
0,	50,	1.00527
0,	51,	1.0006
0,	52,	1.00243
0,	53,	1.00261
0,	54,	1.00126
0,	55,	1.00184
0,	56,	1.00091
0,	57,	0.999673
0,	58,	0.998456
0,	59,	0.999653
0,	60,	1.00022
0,	61,	1.00123
0,	62,	1.00038
0,	63,	0.997877
0,	64,	0.997382
0,	65,	0.996701
0,	66,	1.00005
0,	67,	0.999012
0,	68,	1.00208
0,	69,	0.999847
0,	70,	0.999375
0,	71,	1.00118
0,	72,	0.999661
0,	73,	1.00208
0,	74,	0.99881
0,	75,	1.00026
0,	76,	0.999342
0,	77,	0.999456
0,	78,	1.0005
0,	79,	0.999085
0,	80,	1.00037
0,	81,	1.00037
0,	82,	0.999085
0,	83,	1.0005
0,	84,	0.999456
0,	85,	0.999342
0,	86,	1.00026
0,	87,	0.99881
0,	88,	1.00208
0,	89,	0.999661
0,	90,	1.00118
0,	91,	0.999375
0,	92,	0.999847
0,	93,	1.00208
0,	94,	0.999012
0,	95,	1.00005
0,	96,	0.996701
0,	97,	0.997382
0,	98,	0.997877
0,	99,	1.00038
0,	100,	1.00123
1,	0,	0.999653
1,	1,	0.991156
1,	2,	1.00239
1,	3,	0.997506
1,	4,	1.00119
1,	5,	0.998109
1,	6,	1.00025
1,	7,	0.998245
1,	8,	1.00056
1,	9,	1.00361
1,	10,	1.00083
1,	11,	0.99915
1,	12,	1.00258
1,	13,	0.999316
1,	14,	1.001
1,	15,	1.00102
1,	16,	0.999816
1,	17,	1.00246
1,	18,	1.00343
1,	19,	0.997404
1,	20,	1.00033
1,	21,	0.997747
1,	22,	1.00052
1,	23,	1.00313
1,	24,	1.00276
1,	25,	1.00341
1,	26,	1.00123
1,	27,	0.997618
1,	28,	1.00424
1,	29,	1.00119
1,	30,	1.00431
1,	31,	1.00119
1,	32,	1.00424
1,	33,	0.997618
1,	34,	1.00123
1,	35,	1.00341
1,	36,	1.00276
1,	37,	1.00313
1,	38,	1.00052
1,	39,	0.997747
1,	40,	1.00033
1,	41,	0.997404
1,	42,	1.00343
1,	43,	1.00246
1,	44,	0.999816
1,	45,	1.00102
1,	46,	1.001
1,	47,	0.999316
1,	48,	1.00258
1,	49,	0.99915
1,	50,	1.00083
1,	51,	1.00361
1,	52,	1.00056
1,	53,	0.998245
1,	54,	1.00025
1,	55,	0.998109
1,	56,	1.00119
1,	57,	0.997506
1,	58,	1.00239
1,	59,	0.991156
1,	60,	0.999653
1,	61,	0.997915
1,	62,	1.00372
1,	63,	0.999995
1,	64,	0.99836
1,	65,	1.0026
1,	66,	1.00258
1,	67,	1.00019
1,	68,	0.999571
1,	69,	0.999693
1,	70,	1.00016
1,	71,	1.00272
1,	72,	0.997431
1,	73,	0.999639
1,	74,	0.998571
1,	75,	1.00099
1,	76,	0.995925
1,	77,	1.00069
1,	78,	1.00093
1,	79,	1.00074
1,	80,	1.00188
1,	81,	1.00188
1,	82,	1.00074
1,	83,	1.00093
1,	84,	1.00069
1,	85,	0.995925
1,	86,	1.00099
1,	87,	0.998571
1,	88,	0.999639
1,	89,	0.997431
1,	90,	1.00272
1,	91,	1.00016
1,	92,	0.999693
1,	93,	0.999571
1,	94,	1.00019
1,	95,	1.00258
1,	96,	1.0026
1,	97,	0.99836
1,	98,	0.999995
1,	99,	1.00372
1,	100,	0.997915
2,	0,	0.998456
2,	1,	1.00239
2,	2,	1.00096
2,	3,	1.00334
2,	4,	1.00078
2,	5,	1.00067
2,	6,	0.998689
2,	7,	0.999017
2,	8,	1.00114
2,	9,	1.00072
2,	10,	1.00032
2,	11,	0.997094
2,	12,	0.995773
2,	13,	0.996796
2,	14,	0.995599
2,	15,	0.999292
2,	16,	0.999679
2,	17,	1.00021
2,	18,	0.998915
2,	19,	0.999465
2,	20,	0.999953
2,	21,	0.999117
2,	22,	1.0012
2,	23,	1.00195
2,	24,	1.00112
2,	25,	0.999042
2,	26,	0.9991
2,	27,	0.998181
2,	28,	0.999573
2,	29,	0.999912
2,	30,	1.00324
2,	31,	0.999912
2,	32,	0.999573
2,	33,	0.998181
2,	34,	0.9991
2,	35,	0.999042
2,	36,	1.00112
2,	37,	1.00195
2,	38,	1.0012
2,	39,	0.999117
2,	40,	0.999953
2,	41,	0.999465
2,	42,	0.998915
2,	43,	1.00021
2,	44,	0.999679
2,	45,	0.999292
2,	46,	0.995599
2,	47,	0.996796
2,	48,	0.995773
2,	49,	0.997094
2,	50,	1.00032
2,	51,	1.00072
2,	52,	1.00114
2,	53,	0.999017
2,	54,	0.998689
2,	55,	1.00067
2,	56,	1.00078
2,	57,	1.00334
2,	58,	1.00096
2,	59,	1.00239
2,	60,	0.998456
2,	61,	1.00206
2,	62,	0.998433
2,	63,	1.00378
2,	64,	1.00074
2,	65,	0.999166
2,	66,	0.99936
2,	67,	0.997873
2,	68,	1.00087
2,	69,	1.00008
2,	70,	1.00217
2,	71,	1.00114
2,	72,	0.998052
2,	73,	1.00112
2,	74,	0.996513
2,	75,	1.00067
2,	76,	0.998387
2,	77,	0.999931
2,	78,	0.999242
2,	79,	1.00067
2,	80,	0.999624
2,	81,	0.999624
2,	82,	1.00067
2,	83,	0.999242
2,	84,	0.999931
2,	85,	0.998387
2,	86,	1.00067
2,	87,	0.996513
2,	88,	1.00112
2,	89,	0.998052
2,	90,	1.00114
2,	91,	1.00217
2,	92,	1.00008
2,	93,	1.00087
2,	94,	0.997873
2,	95,	0.99936
2,	96,	0.999166
2,	97,	1.00074
2,	98,	1.00378
2,	99,	0.998433
2,	100,	1.00206
3,	0,	0.999673
3,	1,	0.997506
3,	2,	1.00334
3,	3,	1.00112
3,	4,	0.998582
3,	5,	0.999827
3,	6,	1.00021
3,	7,	1.00234
3,	8,	1.00435
3,	9,	1.0045
3,	10,	1.00067
3,	11,	0.996762
3,	12,	1.0016
3,	13,	0.999306
3,	14,	1.00231
3,	15,	1.00007
3,	16,	0.999158
3,	17,	1.00099
3,	18,	1.00103
3,	19,	1.00057
3,	20,	0.997333
3,	21,	1.0008
3,	22,	0.997616
3,	23,	1.00129
3,	24,	1.00279
3,	25,	0.997428
3,	26,	1.00214
3,	27,	0.994797
3,	28,	1.00381
3,	29,	1.00591
3,	30,	1.00443
3,	31,	1.00591
3,	32,	1.00381
3,	33,	0.994797
3,	34,	1.00214
3,	35,	0.997428
3,	36,	1.00279
3,	37,	1.00129
3,	38,	0.997616
3,	39,	1.0008
3,	40,	0.997333
3,	41,	1.00057
3,	42,	1.00103
3,	43,	1.00099
3,	44,	0.999158
3,	45,	1.00007
3,	46,	1.00231
3,	47,	0.999306
3,	48,	1.0016
3,	49,	0.996762
3,	50,	1.00067
3,	51,	1.0045
3,	52,	1.00435
3,	53,	1.00234
3,	54,	1.00021
3,	55,	0.999827
3,	56,	0.998582
3,	57,	1.00112
3,	58,	1.00334
3,	59,	0.997506
3,	60,	0.999673
3,	61,	1.00006
3,	62,	1.00115
3,	63,	0.998291
3,	64,	0.99849
3,	65,	0.998292
3,	66,	1.00291
3,	67,	0.994749
3,	68,	0.999711
3,	69,	0.994006
3,	70,	1.00059
3,	71,	0.998015
3,	72,	0.999632
3,	73,	1.00131
3,	74,	1.00445
3,	75,	1.00414
3,	76,	1.00031
3,	77,	1.00089
3,	78,	1.00202
3,	79,	0.998233
3,	80,	0.997975
3,	81,	0.997975
3,	82,	0.998233
3,	83,	1.00202
3,	84,	1.00089
3,	85,	1.00031
3,	86,	1.00414
3,	87,	1.00445
3,	88,	1.00131
3,	89,	0.999632
3,	90,	0.998015
3,	91,	1.00059
3,	92,	0.994006
3,	93,	0.999711
3,	94,	0.994749
3,	95,	1.00291
3,	96,	0.998292
3,	97,	0.99849
3,	98,	0.998291
3,	99,	1.00115
3,	100,	1.00006
4,	0,	1.00091
4,	1,	1.00119
4,	2,	1.00078
4,	3,	0.998582
4,	4,	1.00053
4,	5,	0.999546
4,	6,	1.00327
4,	7,	0.998332
4,	8,	1.00316
4,	9,	0.999409
4,	10,	0.999252
4,	11,	0.99704
4,	12,	0.999069
4,	13,	0.999563
4,	14,	1.00202
4,	15,	0.998434
4,	16,	1.0032
4,	17,	0.999136
4,	18,	0.998209
4,	19,	1.0044
4,	20,	1.00139
4,	21,	1.00218
4,	22,	1.00237
4,	23,	1.00005
4,	24,	1.00326
4,	25,	0.996362
4,	26,	1.00231
4,	27,	0.99981
4,	28,	1.00034
4,	29,	1.00328
4,	30,	1.00354
4,	31,	1.00328
4,	32,	1.00034
4,	33,	0.99981
4,	34,	1.00231
4,	35,	0.996362
4,	36,	1.00326
4,	37,	1.00005
4,	38,	1.00237
4,	39,	1.00218
4,	40,	1.00139
4,	41,	1.0044
4,	42,	0.998209
4,	43,	0.999136
4,	44,	1.0032
4,	45,	0.998434
4,	46,	1.00202
4,	47,	0.999563
4,	48,	0.999069
4,	49,	0.99704
4,	50,	0.999252
4,	51,	0.999409
4,	52,	1.00316
4,	53,	0.998332
4,	54,	1.00327
4,	55,	0.999546
4,	56,	1.00053
4,	57,	0.998582
4,	58,	1.00078
4,	59,	1.00119
4,	60,	1.00091
4,	61,	0.999929
4,	62,	0.996688
4,	63,	1.00003
4,	64,	1.0029
4,	65,	1.0013
4,	66,	1.00487
4,	67,	1.00287
4,	68,	1.00132
4,	69,	1.00063
4,	70,	0.999953
4,	71,	0.999876
4,	72,	0.996053
4,	73,	1.00262
4,	74,	0.996202
4,	75,	1.00152
4,	76,	0.996814
4,	77,	0.999403
4,	78,	0.998442
4,	79,	1.00129
4,	80,	0.998555
4,	81,	0.998555
4,	82,	1.00129
4,	83,	0.998442
4,	84,	0.999403
4,	85,	0.996814
4,	86,	1.00152
4,	87,	0.996202
4,	88,	1.00262
4,	89,	0.996053
4,	90,	0.999876
4,	91,	0.999953
4,	92,	1.00063
4,	93,	1.00132
4,	94,	1.00287
4,	95,	1.00487
4,	96,	1.0013
4,	97,	1.0029
4,	98,	1.00003
4,	99,	0.996688
4,	100,	0.999929
5,	0,	1.00184
5,	1,	0.998109
5,	2,	1.00067
5,	3,	0.999827
5,	4,	0.999546
5,	5,	1.00046
5,	6,	1.0043
5,	7,	1.00146
5,	8,	1.00687
5,	9,	1.00244
5,	10,	1.00203
5,	11,	1.00153
5,	12,	1.00155
5,	13,	1.00428
5,	14,	0.999897
5,	15,	1.00029
5,	16,	0.999418
5,	17,	1.00047
5,	18,	1.00503
5,	19,	1.00115
5,	20,	1.00145
5,	21,	0.99831
5,	22,	0.997586
5,	23,	0.999977
5,	24,	1.00126
5,	25,	0.997716
5,	26,	1.00128
5,	27,	0.996476
5,	28,	1.00365
5,	29,	1.00623
5,	30,	1.00724
5,	31,	1.00623
5,	32,	1.00365
5,	33,	0.996476
5,	34,	1.00128
5,	35,	0.997716
5,	36,	1.00126
5,	37,	0.999977
5,	38,	0.997586
5,	39,	0.99831
5,	40,	1.00145
5,	41,	1.00115
5,	42,	1.00503
5,	43,	1.00047
5,	44,	0.999418
5,	45,	1.00029
5,	46,	0.999897
5,	47,	1.00428
5,	48,	1.00155
5,	49,	1.00153
5,	50,	1.00203
5,	51,	1.00244
5,	52,	1.00687
5,	53,	1.00146
5,	54,	1.0043
5,	55,	1.00046
5,	56,	0.999546
5,	57,	0.999827
5,	58,	1.00067
5,	59,	0.998109
5,	60,	1.00184
5,	61,	1.00025
5,	62,	1.00102
5,	63,	0.996135
5,	64,	0.997358
5,	65,	0.993959
5,	66,	1.00115
5,	67,	0.993916
5,	68,	1.00216
5,	69,	0.998348
5,	70,	1.00448
5,	71,	1.00041
5,	72,	0.999778
5,	73,	0.998965
5,	74,	1.00081
5,	75,	1.00008
5,	76,	0.999865
5,	77,	0.999236
5,	78,	1.00354
5,	79,	1.00028
5,	80,	1.00137
5,	81,	1.00137
5,	82,	1.00028
5,	83,	1.00354
5,	84,	0.999236
5,	85,	0.999865
5,	86,	1.00008
5,	87,	1.00081
5,	88,	0.998965
5,	89,	0.999778
5,	90,	1.00041
5,	91,	1.00448
5,	92,	0.998348
5,	93,	1.00216
5,	94,	0.993916
5,	95,	1.00115
5,	96,	0.993959
5,	97,	0.997358
5,	98,	0.996135
5,	99,	1.00102
5,	100,	1.00025
6,	0,	1.00126
6,	1,	1.00025
6,	2,	0.998689
6,	3,	1.00021
6,	4,	1.00327
6,	5,	1.0043
6,	6,	1.00726
6,	7,	0.996898
6,	8,	1.0036
6,	9,	0.99802
6,	10,	1.00029
6,	11,	0.998367
6,	12,	0.998625
6,	13,	1.00022
6,	14,	1.00037
6,	15,	0.998779
6,	16,	1.00265
6,	17,	0.999417
6,	18,	0.999815
6,	19,	1.00308
6,	20,	1.00233
6,	21,	0.999909
6,	22,	1.00005
6,	23,	1.00033
6,	24,	0.99901
6,	25,	1.00202
6,	26,	1.00008
6,	27,	1.00223
6,	28,	1.00264
6,	29,	0.998872
6,	30,	1.00708
6,	31,	0.998872
6,	32,	1.00264
6,	33,	1.00223
6,	34,	1.00008
6,	35,	1.00202
6,	36,	0.99901
6,	37,	1.00033
6,	38,	1.00005
6,	39,	0.999909
6,	40,	1.00233
6,	41,	1.00308
6,	42,	0.999815
6,	43,	0.999417
6,	44,	1.00265
6,	45,	0.998779
6,	46,	1.00037
6,	47,	1.00022
6,	48,	0.998625
6,	49,	0.998367
6,	50,	1.00029
6,	51,	0.99802
6,	52,	1.0036
6,	53,	0.996898
6,	54,	1.00726
6,	55,	1.0043
6,	56,	1.00327
6,	57,	1.00021
6,	58,	0.998689
6,	59,	1.00025
6,	60,	1.00126
6,	61,	1.00219
6,	62,	1.00099
6,	63,	1.00048
6,	64,	1.0032
6,	65,	0.999288
6,	66,	1.00198
6,	67,	1.00193
6,	68,	0.999952
6,	69,	1.00032
6,	70,	1.00291
6,	71,	0.999715
6,	72,	0.999123
6,	73,	1.00066
6,	74,	0.999171
6,	75,	0.998811
6,	76,	0.999789
6,	77,	0.997506
6,	78,	0.999299
6,	79,	1.00009
6,	80,	0.997071
6,	81,	0.997071
6,	82,	1.00009
6,	83,	0.999299
6,	84,	0.997506
6,	85,	0.999789
6,	86,	0.998811
6,	87,	0.999171
6,	88,	1.00066
6,	89,	0.999123
6,	90,	0.999715
6,	91,	1.00291
6,	92,	1.00032
6,	93,	0.999952
6,	94,	1.00193
6,	95,	1.00198
6,	96,	0.999288
6,	97,	1.0032
6,	98,	1.00048
6,	99,	1.00099
6,	100,	1.00219
7,	0,	1.00261
7,	1,	0.998245
7,	2,	0.999017
7,	3,	1.00234
7,	4,	0.998332
7,	5,	1.00146
7,	6,	0.996898
7,	7,	0.998412
7,	8,	1.00074
7,	9,	1.00032
7,	10,	1.00309
7,	11,	1.0006
7,	12,	1.00214
7,	13,	1.00084
7,	14,	0.997782
7,	15,	0.998684
7,	16,	1.00165
7,	17,	1.00163
7,	18,	1.00655
7,	19,	1.00112
7,	20,	1.00391
7,	21,	0.995087
7,	22,	0.999373
7,	23,	1.00108
7,	24,	1.0025
7,	25,	1.00022
7,	26,	1.00306
7,	27,	0.999441
7,	28,	1.00517
7,	29,	1.00403
7,	30,	1.01205
7,	31,	1.00403
7,	32,	1.00517
7,	33,	0.999441
7,	34,	1.00306
7,	35,	1.00022
7,	36,	1.0025
7,	37,	1.00108
7,	38,	0.999373
7,	39,	0.995087
7,	40,	1.00391
7,	41,	1.00112
7,	42,	1.00655
7,	43,	1.00163
7,	44,	1.00165
7,	45,	0.998684
7,	46,	0.997782
7,	47,	1.00084
7,	48,	1.00214
7,	49,	1.0006
7,	50,	1.00309
7,	51,	1.00032
7,	52,	1.00074
7,	53,	0.998412
7,	54,	0.996898
7,	55,	1.00146
7,	56,	0.998332
7,	57,	1.00234
7,	58,	0.999017
7,	59,	0.998245
7,	60,	1.00261
7,	61,	0.998411
7,	62,	1.00342
7,	63,	0.999883
7,	64,	1.00422
7,	65,	0.998227
7,	66,	1.00342
7,	67,	0.998035
7,	68,	0.9995
7,	69,	0.999365
7,	70,	0.998043
7,	71,	1.00119
7,	72,	0.99585
7,	73,	1.00204
7,	74,	0.996554
7,	75,	1.0016
7,	76,	0.998611
7,	77,	1.00008
7,	78,	1.00205
7,	79,	1.00249
7,	80,	1.00326
7,	81,	1.00326
7,	82,	1.00249
7,	83,	1.00205
7,	84,	1.00008
7,	85,	0.998611
7,	86,	1.0016
7,	87,	0.996554
7,	88,	1.00204
7,	89,	0.99585
7,	90,	1.00119
7,	91,	0.998043
7,	92,	0.999365
7,	93,	0.9995
7,	94,	0.998035
7,	95,	1.00342
7,	96,	0.998227
7,	97,	1.00422
7,	98,	0.999883
7,	99,	1.00342
7,	100,	0.998411
8,	0,	1.00243
8,	1,	1.00056
8,	2,	1.00114
8,	3,	1.00435
8,	4,	1.00316
8,	5,	1.00687
8,	6,	1.0036
8,	7,	1.00074
8,	8,	1.00539
8,	9,	1.00087
8,	10,	1.0042
8,	11,	0.997545
8,	12,	0.99766
8,	13,	0.996366
8,	14,	1.0007
8,	15,	1.00083
8,	16,	1.00221
8,	17,	1.00247
8,	18,	0.996818
8,	19,	1.00257
8,	20,	0.996042
8,	21,	0.999171
8,	22,	0.995929
8,	23,	0.999323
8,	24,	0.997007
8,	25,	1.00333
8,	26,	0.998089
8,	27,	1.00197
8,	28,	0.999311
8,	29,	0.996955
8,	30,	1.0015
8,	31,	0.996955
8,	32,	0.999311
8,	33,	1.00197
8,	34,	0.998089
8,	35,	1.00333
8,	36,	0.997007
8,	37,	0.999323
8,	38,	0.995929
8,	39,	0.999171
8,	40,	0.996042
8,	41,	1.00257
8,	42,	0.996818
8,	43,	1.00247
8,	44,	1.00221
8,	45,	1.00083
8,	46,	1.0007
8,	47,	0.996366
8,	48,	0.99766
8,	49,	0.997545
8,	50,	1.0042
8,	51,	1.00087
8,	52,	1.00539
8,	53,	1.00074
8,	54,	1.0036
8,	55,	1.00687
8,	56,	1.00316
8,	57,	1.00435
8,	58,	1.00114
8,	59,	1.00056
8,	60,	1.00243
8,	61,	0.999955
8,	62,	1.00302
8,	63,	0.999653
8,	64,	1.00456
8,	65,	0.999318
8,	66,	1.00039
8,	67,	0.999912
8,	68,	0.998795
8,	69,	0.999521
8,	70,	1.00225
8,	71,	0.996937
8,	72,	1.00282
8,	73,	0.999641
8,	74,	1.00517
8,	75,	0.998652
8,	76,	1.00239
8,	77,	0.996685
8,	78,	1.00045
8,	79,	0.997634
8,	80,	0.995819
8,	81,	0.995819
8,	82,	0.997634
8,	83,	1.00045
8,	84,	0.996685
8,	85,	1.00239
8,	86,	0.998652
8,	87,	1.00517
8,	88,	0.999641
8,	89,	1.00282
8,	90,	0.996937
8,	91,	1.00225
8,	92,	0.999521
8,	93,	0.998795
8,	94,	0.999912
8,	95,	1.00039
8,	96,	0.999318
8,	97,	1.00456
8,	98,	0.999653
8,	99,	1.00302
8,	100,	0.999955
9,	0,	1.0006
9,	1,	1.00361
9,	2,	1.00072
9,	3,	1.0045
9,	4,	0.999409
9,	5,	1.00244
9,	6,	0.99802
9,	7,	1.00032
9,	8,	1.00087
9,	9,	1.00278
9,	10,	1.00107
9,	11,	0.999458
9,	12,	0.997929
9,	13,	0.999947
9,	14,	0.994551
9,	15,	1.0005
9,	16,	0.998057
9,	17,	1.00251
9,	18,	0.995815
9,	19,	1.00025
9,	20,	0.995295
9,	21,	0.993295
9,	22,	0.996636
9,	23,	0.9983
9,	24,	1.0015
9,	25,	0.996839
9,	26,	0.999579
9,	27,	0.998717
9,	28,	0.99681
9,	29,	1.00337
9,	30,	1.00201
9,	31,	1.00337
9,	32,	0.99681
9,	33,	0.998717
9,	34,	0.999579
9,	35,	0.996839
9,	36,	1.0015
9,	37,	0.9983
9,	38,	0.996636
9,	39,	0.993295
9,	40,	0.995295
9,	41,	1.00025
9,	42,	0.995815
9,	43,	1.00251
9,	44,	0.998057
9,	45,	1.0005
9,	46,	0.994551
9,	47,	0.999947
9,	48,	0.997929
9,	49,	0.999458
9,	50,	1.00107
9,	51,	1.00278
9,	52,	1.00087
9,	53,	1.00032
9,	54,	0.99802
9,	55,	1.00244
9,	56,	0.999409
9,	57,	1.0045
9,	58,	1.00072
9,	59,	1.00361
9,	60,	1.0006
9,	61,	0.999314
9,	62,	0.996579
9,	63,	0.999788
9,	64,	1.00009
9,	65,	1.0002
9,	66,	1.00156
9,	67,	1.00274
9,	68,	1.00015
9,	69,	0.998912
9,	70,	1.00145
9,	71,	1.00038
9,	72,	1.00044
9,	73,	1.00167
9,	74,	1.00038
9,	75,	0.999566
9,	76,	1.00433
9,	77,	0.998006
9,	78,	1.0018
9,	79,	1.00009
9,	80,	0.999515
9,	81,	0.999515
9,	82,	1.00009
9,	83,	1.0018
9,	84,	0.998006
9,	85,	1.00433
9,	86,	0.999566
9,	87,	1.00038
9,	88,	1.00167
9,	89,	1.00044
9,	90,	1.00038
9,	91,	1.00145
9,	92,	0.998912
9,	93,	1.00015
9,	94,	1.00274
9,	95,	1.00156
9,	96,	1.0002
9,	97,	1.00009
9,	98,	0.999788
9,	99,	0.996579
9,	100,	0.999314
10,	0,	1.00527
10,	1,	1.00083
10,	2,	1.00032
10,	3,	1.00067
10,	4,	0.999252
10,	5,	1.00203
10,	6,	1.00029
10,	7,	1.00309
10,	8,	1.0042
10,	9,	1.00107
10,	10,	1.00009
10,	11,	0.996632
10,	12,	0.994216
10,	13,	0.994968
10,	14,	1.0029
10,	15,	1.00134
10,	16,	1.00312
10,	17,	1.00154
10,	18,	0.99509
10,	19,	1.00162
10,	20,	0.993964
10,	21,	1.00021
10,	22,	0.997971
10,	23,	0.998412
10,	24,	1.00142
10,	25,	1.0015
10,	26,	1.0008
10,	27,	1.00181
10,	28,	0.997673
10,	29,	0.999719
10,	30,	0.997312
10,	31,	0.999719
10,	32,	0.997673
10,	33,	1.00181
10,	34,	1.0008
10,	35,	1.0015
10,	36,	1.00142
10,	37,	0.998412
10,	38,	0.997971
10,	39,	1.00021
10,	40,	0.993964
10,	41,	1.00162
10,	42,	0.99509
10,	43,	1.00154
10,	44,	1.00312
10,	45,	1.00134
10,	46,	1.0029
10,	47,	0.994968
10,	48,	0.994216
10,	49,	0.996632
10,	50,	1.00009
10,	51,	1.00107
10,	52,	1.0042
10,	53,	1.00309
10,	54,	1.00029
10,	55,	1.00203
10,	56,	0.999252
10,	57,	1.00067
10,	58,	1.00032
10,	59,	1.00083
10,	60,	1.00527
10,	61,	0.999123
10,	62,	1.00228
10,	63,	0.999436
10,	64,	1.00162
10,	65,	1.0025
10,	66,	0.998486
10,	67,	1.00326
10,	68,	0.999421
10,	69,	1.00475
10,	70,	1.00142
10,	71,	0.999702
10,	72,	1.00214
10,	73,	0.997488
10,	74,	1.00115
10,	75,	0.997085
10,	76,	1.00017
10,	77,	0.998385
10,	78,	1.00053
10,	79,	1.00026
10,	80,	1.00068
10,	81,	1.00068
10,	82,	1.00026
10,	83,	1.00053
10,	84,	0.998385
10,	85,	1.00017
10,	86,	0.997085
10,	87,	1.00115
10,	88,	0.997488
10,	89,	1.00214
10,	90,	0.999702
10,	91,	1.00142
10,	92,	1.00475
10,	93,	0.999421
10,	94,	1.00326
10,	95,	0.998486
10,	96,	1.0025
10,	97,	1.00162
10,	98,	0.999436
10,	99,	1.00228
10,	100,	0.999123
11,	0,	0.999315
11,	1,	0.99915
11,	2,	0.997094
11,	3,	0.996762
11,	4,	0.99704
11,	5,	1.00153
11,	6,	0.998367
11,	7,	1.0006
11,	8,	0.997545
11,	9,	0.999458
11,	10,	0.996632
11,	11,	0.997061
11,	12,	0.997788
11,	13,	1.00104
11,	14,	0.999408
11,	15,	1.00085
11,	16,	1.00168
11,	17,	0.998534
11,	18,	0.99574
11,	19,	0.997733
11,	20,	0.997027
11,	21,	0.99641
11,	22,	0.999944
11,	23,	1.00191
11,	24,	1.00231
11,	25,	0.999654
11,	26,	0.999974
11,	27,	0.999121
11,	28,	0.998878
11,	29,	0.999858
11,	30,	1.00387
11,	31,	0.999858
11,	32,	0.998878
11,	33,	0.999121
11,	34,	0.999974
11,	35,	0.999654
11,	36,	1.00231
11,	37,	1.00191
11,	38,	0.999944
11,	39,	0.99641
11,	40,	0.997027
11,	41,	0.997733
11,	42,	0.99574
11,	43,	0.998534
11,	44,	1.00168
11,	45,	1.00085
11,	46,	0.999408
11,	47,	1.00104
11,	48,	0.997788
11,	49,	0.997061
11,	50,	0.996632
11,	51,	0.999458
11,	52,	0.997545
11,	53,	1.0006
11,	54,	0.998367
11,	55,	1.00153
11,	56,	0.99704
11,	57,	0.996762
11,	58,	0.997094
11,	59,	0.99915
11,	60,	0.999315
11,	61,	1.00211
11,	62,	0.99746
11,	63,	1.00366
11,	64,	0.999719
11,	65,	1.00131
11,	66,	0.999132
11,	67,	1.00648
11,	68,	1.00057
11,	69,	1.0044
11,	70,	1.00056
11,	71,	1.00158
11,	72,	0.997174
11,	73,	1.00414
11,	74,	0.998443
11,	75,	1.00195
11,	76,	1.00126
11,	77,	0.999751
11,	78,	1.00077
11,	79,	1.00184
11,	80,	0.999046
11,	81,	0.999046
11,	82,	1.00184
11,	83,	1.00077
11,	84,	0.999751
11,	85,	1.00126
11,	86,	1.00195
11,	87,	0.998443
11,	88,	1.00414
11,	89,	0.997174
11,	90,	1.00158
11,	91,	1.00056
11,	92,	1.0044
11,	93,	1.00057
11,	94,	1.00648
11,	95,	0.999132
11,	96,	1.00131
11,	97,	0.999719
11,	98,	1.00366
11,	99,	0.99746
11,	100,	1.00211
12,	0,	1.00187
12,	1,	1.00258
12,	2,	0.995773
12,	3,	1.0016
12,	4,	0.999069
12,	5,	1.00155
12,	6,	0.998625
12,	7,	1.00214
12,	8,	0.99766
12,	9,	0.997929
12,	10,	0.994216
12,	11,	0.997788
12,	12,	0.992622
12,	13,	0.996034
12,	14,	1.00043
12,	15,	0.998244
12,	16,	0.999501
12,	17,	0.996583
12,	18,	0.994526
12,	19,	0.999273
12,	20,	0.995891
12,	21,	1.00151
12,	22,	0.998986
12,	23,	1.00077
12,	24,	1.00021
12,	25,	1.00196
12,	26,	1.00016
12,	27,	1.00149
12,	28,	0.999351
12,	29,	0.998712
12,	30,	1.00079
12,	31,	0.998712
12,	32,	0.999351
12,	33,	1.00149
12,	34,	1.00016
12,	35,	1.00196
12,	36,	1.00021
12,	37,	1.00077
12,	38,	0.998986
12,	39,	1.00151
12,	40,	0.995891
12,	41,	0.999273
12,	42,	0.994526
12,	43,	0.996583
12,	44,	0.999501
12,	45,	0.998244
12,	46,	1.00043
12,	47,	0.996034
12,	48,	0.992622
12,	49,	0.997788
12,	50,	0.994216
12,	51,	0.997929
12,	52,	0.99766
12,	53,	1.00214
12,	54,	0.998625
12,	55,	1.00155
12,	56,	0.999069
12,	57,	1.0016
12,	58,	0.995773
12,	59,	1.00258
12,	60,	1.00187
12,	61,	1.00019
12,	62,	1.00066
12,	63,	1.00104
12,	64,	0.99956
12,	65,	1.00338
12,	66,	0.996544
12,	67,	1.00261
12,	68,	0.998255
12,	69,	1.00152
12,	70,	0.999644
12,	71,	1.00013
12,	72,	1.0045
12,	73,	0.998333
12,	74,	1.00046
12,	75,	0.997904
12,	76,	1.00197
12,	77,	1.00088
12,	78,	0.999881
12,	79,	1.0018
12,	80,	1.00315
12,	81,	1.00315
12,	82,	1.0018
12,	83,	0.999881
12,	84,	1.00088
12,	85,	1.00197
12,	86,	0.997904
12,	87,	1.00046
12,	88,	0.998333
12,	89,	1.0045
12,	90,	1.00013
12,	91,	0.999644
12,	92,	1.00152
12,	93,	0.998255
12,	94,	1.00261
12,	95,	0.996544
12,	96,	1.00338
12,	97,	0.99956
12,	98,	1.00104
12,	99,	1.00066
12,	100,	1.00019
13,	0,	0.995832
13,	1,	0.999316
13,	2,	0.996796
13,	3,	0.999306
13,	4,	0.999563
13,	5,	1.00428
13,	6,	1.00022
13,	7,	1.00084
13,	8,	0.996366
13,	9,	0.999947
13,	10,	0.994968
13,	11,	1.00104
13,	12,	0.996034
13,	13,	1.00155
13,	14,	1.00006
13,	15,	0.998066
13,	16,	1.00107
13,	17,	0.994279
13,	18,	0.995414
13,	19,	0.996183
13,	20,	0.995922
13,	21,	1.00018
13,	22,	0.998046
13,	23,	1.00391
13,	24,	0.997789
13,	25,	1.00214
13,	26,	0.996847
13,	27,	0.998377
13,	28,	0.999453
13,	29,	0.995018
13,	30,	1.00343
13,	31,	0.995018
13,	32,	0.999453
13,	33,	0.998377
13,	34,	0.996847
13,	35,	1.00214
13,	36,	0.997789
13,	37,	1.00391
13,	38,	0.998046
13,	39,	1.00018
13,	40,	0.995922
13,	41,	0.996183
13,	42,	0.995414
13,	43,	0.994279
13,	44,	1.00107
13,	45,	0.998066
13,	46,	1.00006
13,	47,	1.00155
13,	48,	0.996034
13,	49,	1.00104
13,	50,	0.994968
13,	51,	0.999947
13,	52,	0.996366
13,	53,	1.00084
13,	54,	1.00022
13,	55,	1.00428
13,	56,	0.999563
13,	57,	0.999306
13,	58,	0.996796
13,	59,	0.999316
13,	60,	0.995832
13,	61,	1.00196
13,	62,	0.996335
13,	63,	1.00357
13,	64,	1.00071
13,	65,	1.00002
13,	66,	0.997262
13,	67,	0.998341
13,	68,	0.997758
13,	69,	0.999784
13,	70,	1.00342
13,	71,	1.00074
13,	72,	1.00279
13,	73,	1.00363
13,	74,	1.00305
13,	75,	1.00065
13,	76,	1.00144
13,	77,	0.998869
13,	78,	1.00213
13,	79,	1.00144
13,	80,	0.999371
13,	81,	0.999371
13,	82,	1.00144
13,	83,	1.00213
13,	84,	0.998869
13,	85,	1.00144
13,	86,	1.00065
13,	87,	1.00305
13,	88,	1.00363
13,	89,	1.00279
13,	90,	1.00074
13,	91,	1.00342
13,	92,	0.999784
13,	93,	0.997758
13,	94,	0.998341
13,	95,	0.997262
13,	96,	1.00002
13,	97,	1.00071
13,	98,	1.00357
13,	99,	0.996335
13,	100,	1.00196
14,	0,	0.996425
14,	1,	1.001
14,	2,	0.995599
14,	3,	1.00231
14,	4,	1.00202
14,	5,	0.999897
14,	6,	1.00037
14,	7,	0.997782
14,	8,	1.0007
14,	9,	0.994551
14,	10,	1.0029
14,	11,	0.999408
14,	12,	1.00043
14,	13,	1.00006
14,	14,	0.999007
14,	15,	1.00137
14,	16,	0.997772
14,	17,	0.999854
14,	18,	0.998328
14,	19,	1.00191
14,	20,	1.00348
14,	21,	1.00313
14,	22,	1.00491
14,	23,	1.00128
14,	24,	1.00241
14,	25,	1.00093
14,	26,	1.00147
14,	27,	1.00196
14,	28,	1.002
14,	29,	1.0003
14,	30,	1.00451
14,	31,	1.0003
14,	32,	1.002
14,	33,	1.00196
14,	34,	1.00147
14,	35,	1.00093
14,	36,	1.00241
14,	37,	1.00128
14,	38,	1.00491
14,	39,	1.00313
14,	40,	1.00348
14,	41,	1.00191
14,	42,	0.998328
14,	43,	0.999854
14,	44,	0.997772
14,	45,	1.00137
14,	46,	0.999007
14,	47,	1.00006
14,	48,	1.00043
14,	49,	0.999408
14,	50,	1.0029
14,	51,	0.994551
14,	52,	1.0007
14,	53,	0.997782
14,	54,	1.00037
14,	55,	0.999897
14,	56,	1.00202
14,	57,	1.00231
14,	58,	0.995599
14,	59,	1.001
14,	60,	0.996425
14,	61,	0.994905
14,	62,	0.99691
14,	63,	0.996791
14,	64,	0.998706
14,	65,	0.998596
14,	66,	0.997855
14,	67,	1.00155
14,	68,	1.00186
14,	69,	0.997438
14,	70,	0.998584
14,	71,	0.995514
14,	72,	1.00481
14,	73,	0.998816
14,	74,	1.0034
14,	75,	1.00168
14,	76,	1.00722
14,	77,	1.00394
14,	78,	0.999371
14,	79,	1.0008
14,	80,	1.00089
14,	81,	1.00089
14,	82,	1.0008
14,	83,	0.999371
14,	84,	1.00394
14,	85,	1.00722
14,	86,	1.00168
14,	87,	1.0034
14,	88,	0.998816
14,	89,	1.00481
14,	90,	0.995514
14,	91,	0.998584
14,	92,	0.997438
14,	93,	1.00186
14,	94,	1.00155
14,	95,	0.997855
14,	96,	0.998596
14,	97,	0.998706
14,	98,	0.996791
14,	99,	0.99691
14,	100,	0.994905
15,	0,	1.00067
15,	1,	1.00102
15,	2,	0.999292
15,	3,	1.00007
15,	4,	0.998434
15,	5,	1.00029
15,	6,	0.998779
15,	7,	0.998684
15,	8,	1.00083
15,	9,	1.0005
15,	10,	1.00134
15,	11,	1.00085
15,	12,	0.998244
15,	13,	0.998066
15,	14,	1.00137
15,	15,	0.999586
15,	16,	1.00189
15,	17,	1.00026
15,	18,	0.998037
15,	19,	1.00117
15,	20,	1.0007
15,	21,	1.00092
15,	22,	1.00508
15,	23,	0.999537
15,	24,	1.00473
15,	25,	1.00056
15,	26,	1.00209
15,	27,	1.0009
15,	28,	1.00035
15,	29,	0.998841
15,	30,	1.00043
15,	31,	0.998841
15,	32,	1.00035
15,	33,	1.0009
15,	34,	1.00209
15,	35,	1.00056
15,	36,	1.00473
15,	37,	0.999537
15,	38,	1.00508
15,	39,	1.00092
15,	40,	1.0007
15,	41,	1.00117
15,	42,	0.998037
15,	43,	1.00026
15,	44,	1.00189
15,	45,	0.999586
15,	46,	1.00137
15,	47,	0.998066
15,	48,	0.998244
15,	49,	1.00085
15,	50,	1.00134
15,	51,	1.0005
15,	52,	1.00083
15,	53,	0.998684
15,	54,	0.998779
15,	55,	1.00029
15,	56,	0.998434
15,	57,	1.00007
15,	58,	0.999292
15,	59,	1.00102
15,	60,	1.00067
15,	61,	0.99912
15,	62,	0.997531
15,	63,	0.99761
15,	64,	1.00127
15,	65,	0.998794
15,	66,	1.00143
15,	67,	0.997264
15,	68,	0.99978
15,	69,	0.998926
15,	70,	1.00035
15,	71,	0.997916
15,	72,	0.999242
15,	73,	0.999696
15,	74,	1.00084
15,	75,	1.00111
15,	76,	1.00078
15,	77,	1.00117
15,	78,	1.00235
15,	79,	1.00228
15,	80,	1.0017
15,	81,	1.0017
15,	82,	1.00228
15,	83,	1.00235
15,	84,	1.00117
15,	85,	1.00078
15,	86,	1.00111
15,	87,	1.00084
15,	88,	0.999696
15,	89,	0.999242
15,	90,	0.997916
15,	91,	1.00035
15,	92,	0.998926
15,	93,	0.99978
15,	94,	0.997264
15,	95,	1.00143
15,	96,	0.998794
15,	97,	1.00127
15,	98,	0.99761
15,	99,	0.997531
15,	100,	0.99912
16,	0,	0.998292
16,	1,	0.999816
16,	2,	0.999679
16,	3,	0.999158
16,	4,	1.0032
16,	5,	0.999418
16,	6,	1.00265
16,	7,	1.00165
16,	8,	1.00221
16,	9,	0.998057
16,	10,	1.00312
16,	11,	1.00168
16,	12,	0.999501
16,	13,	1.00107
16,	14,	0.997772
16,	15,	1.00189
16,	16,	0.998486
16,	17,	1.00062
16,	18,	0.999942
16,	19,	1.00248
16,	20,	1.00294
16,	21,	1.00498
16,	22,	1.00359
16,	23,	1.00086
16,	24,	0.999597
16,	25,	0.999101
16,	26,	0.998431
16,	27,	1.00098
16,	28,	1.00075
16,	29,	1.00159
16,	30,	1.00266
16,	31,	1.00159
16,	32,	1.00075
16,	33,	1.00098
16,	34,	0.998431
16,	35,	0.999101
16,	36,	0.999597
16,	37,	1.00086
16,	38,	1.00359
16,	39,	1.00498
16,	40,	1.00294
16,	41,	1.00248
16,	42,	0.999942
16,	43,	1.00062
16,	44,	0.998486
16,	45,	1.00189
16,	46,	0.997772
16,	47,	1.00107
16,	48,	0.999501
16,	49,	1.00168
16,	50,	1.00312
16,	51,	0.998057
16,	52,	1.00221
16,	53,	1.00165
16,	54,	1.00265
16,	55,	0.999418
16,	56,	1.0032
16,	57,	0.999158
16,	58,	0.999679
16,	59,	0.999816
16,	60,	0.998292
16,	61,	0.993703
16,	62,	0.999784
16,	63,	0.99469
16,	64,	1.0009
16,	65,	0.994946
16,	66,	0.996845
16,	67,	0.999253
16,	68,	1.00267
16,	69,	0.998423
16,	70,	1.00161
16,	71,	0.997115
16,	72,	1.00476
16,	73,	0.997848
16,	74,	0.998891
16,	75,	0.996388
16,	76,	1.00182
16,	77,	1.00241
16,	78,	1.00097
16,	79,	1.00523
16,	80,	1.00544
16,	81,	1.00544
16,	82,	1.00523
16,	83,	1.00097
16,	84,	1.00241
16,	85,	1.00182
16,	86,	0.996388
16,	87,	0.998891
16,	88,	0.997848
16,	89,	1.00476
16,	90,	0.997115
16,	91,	1.00161
16,	92,	0.998423
16,	93,	1.00267
16,	94,	0.999253
16,	95,	0.996845
16,	96,	0.994946
16,	97,	1.0009
16,	98,	0.99469
16,	99,	0.999784
16,	100,	0.993703
17,	0,	1.00638
17,	1,	1.00246
17,	2,	1.00021
17,	3,	1.00099
17,	4,	0.999136
17,	5,	1.00047
17,	6,	0.999417
17,	7,	1.00163
17,	8,	1.00247
17,	9,	1.00251
17,	10,	1.00154
17,	11,	0.998534
17,	12,	0.996583
17,	13,	0.994279
17,	14,	0.999854
17,	15,	1.00026
17,	16,	1.00062
17,	17,	1.00387
17,	18,	0.997664
17,	19,	1.00319
17,	20,	0.999318
17,	21,	0.999655
17,	22,	1.00204
17,	23,	0.997148
17,	24,	1.0022
17,	25,	1.00044
17,	26,	1.00082
17,	27,	1.00199
17,	28,	0.997369
17,	29,	0.998713
17,	30,	0.995675
17,	31,	0.998713
17,	32,	0.997369
17,	33,	1.00199
17,	34,	1.00082
17,	35,	1.00044
17,	36,	1.0022
17,	37,	0.997148
17,	38,	1.00204
17,	39,	0.999655
17,	40,	0.999318
17,	41,	1.00319
17,	42,	0.997664
17,	43,	1.00387
17,	44,	1.00062
17,	45,	1.00026
17,	46,	0.999854
17,	47,	0.994279
17,	48,	0.996583
17,	49,	0.998534
17,	50,	1.00154
17,	51,	1.00251
17,	52,	1.00247
17,	53,	1.00163
17,	54,	0.999417
17,	55,	1.00047
17,	56,	0.999136
17,	57,	1.00099
17,	58,	1.00021
17,	59,	1.00246
17,	60,	1.00638
17,	61,	1.00041
17,	62,	1.00372
17,	63,	0.995928
17,	64,	1.00165
17,	65,	0.997101
17,	66,	1.002
17,	67,	0.998103
17,	68,	1.00075
17,	69,	0.999155
17,	70,	0.998648
17,	71,	0.998277
17,	72,	0.998274
17,	73,	0.99738
17,	74,	0.997925
17,	75,	0.999165
17,	76,	0.999956
17,	77,	1.00089
17,	78,	1.00065
17,	79,	1.00148
17,	80,	1.00234
17,	81,	1.00234
17,	82,	1.00148
17,	83,	1.00065
17,	84,	1.00089
17,	85,	0.999956
17,	86,	0.999165
17,	87,	0.997925
17,	88,	0.99738
17,	89,	0.998274
17,	90,	0.998277
17,	91,	0.998648
17,	92,	0.999155
17,	93,	1.00075
17,	94,	0.998103
17,	95,	1.002
17,	96,	0.997101
17,	97,	1.00165
17,	98,	0.995928
17,	99,	1.00372
17,	100,	1.00041
18,	0,	1.00168
18,	1,	1.00343
18,	2,	0.998915
18,	3,	1.00103
18,	4,	0.998209
18,	5,	1.00503
18,	6,	0.999815
18,	7,	1.00655
18,	8,	0.996818
18,	9,	0.995815
18,	10,	0.99509
18,	11,	0.99574
18,	12,	0.994526
18,	13,	0.995414
18,	14,	0.998328
18,	15,	0.998037
18,	16,	0.999942
18,	17,	0.997664
18,	18,	0.996704
18,	19,	1.00061
18,	20,	0.995665
18,	21,	1.00739
18,	22,	0.997481
18,	23,	1.0029
18,	24,	0.993906
18,	25,	0.999324
18,	26,	0.99458
18,	27,	0.999593
18,	28,	1.00084
18,	29,	0.999857
18,	30,	1.00302
18,	31,	0.999857
18,	32,	1.00084
18,	33,	0.999593
18,	34,	0.99458
18,	35,	0.999324
18,	36,	0.993906
18,	37,	1.0029
18,	38,	0.997481
18,	39,	1.00739
18,	40,	0.995665
18,	41,	1.00061
18,	42,	0.996704
18,	43,	0.997664
18,	44,	0.999942
18,	45,	0.998037
18,	46,	0.998328
18,	47,	0.995414
18,	48,	0.994526
18,	49,	0.99574
18,	50,	0.99509
18,	51,	0.995815
18,	52,	0.996818
18,	53,	1.00655
18,	54,	0.999815
18,	55,	1.00503
18,	56,	0.998209
18,	57,	1.00103
18,	58,	0.998915
18,	59,	1.00343
18,	60,	1.00168
18,	61,	1.00027
18,	62,	1.00503
18,	63,	1.00166
18,	64,	1.00585
18,	65,	0.998124
18,	66,	0.996752
18,	67,	0.995809
18,	68,	0.998725
18,	69,	0.996971
18,	70,	0.99794
18,	71,	0.997073
18,	72,	1.00225
18,	73,	1.00116
18,	74,	1.00102
18,	75,	1.00245
18,	76,	1.00142
18,	77,	1.00401
18,	78,	0.997682
18,	79,	1.00128
18,	80,	0.999823
18,	81,	0.999823
18,	82,	1.00128
18,	83,	0.997682
18,	84,	1.00401
18,	85,	1.00142
18,	86,	1.00245
18,	87,	1.00102
18,	88,	1.00116
18,	89,	1.00225
18,	90,	0.997073
18,	91,	0.99794
18,	92,	0.996971
18,	93,	0.998725
18,	94,	0.995809
18,	95,	0.996752
18,	96,	0.998124
18,	97,	1.00585
18,	98,	1.00166
18,	99,	1.00503
18,	100,	1.00027
19,	0,	1.00104
19,	1,	0.997404
19,	2,	0.999465
19,	3,	1.00057
19,	4,	1.0044
19,	5,	1.00115
19,	6,	1.00308
19,	7,	1.00112
19,	8,	1.00257
19,	9,	1.00025
19,	10,	1.00162
19,	11,	0.997733
19,	12,	0.999273
19,	13,	0.996183
19,	14,	1.00191
19,	15,	1.00117
19,	16,	1.00248
19,	17,	1.00319
19,	18,	1.00061
19,	19,	1.00259
19,	20,	0.998763
19,	21,	1.00023
19,	22,	0.996172
19,	23,	0.999714
19,	24,	0.996367
19,	25,	1.00302
19,	26,	0.998653
19,	27,	1.00189
19,	28,	0.997186
19,	29,	0.9956
19,	30,	0.995765
19,	31,	0.9956
19,	32,	0.997186
19,	33,	1.00189
19,	34,	0.998653
19,	35,	1.00302
19,	36,	0.996367
19,	37,	0.999714
19,	38,	0.996172
19,	39,	1.00023
19,	40,	0.998763
19,	41,	1.00259
19,	42,	1.00061
19,	43,	1.00319
19,	44,	1.00248
19,	45,	1.00117
19,	46,	1.00191
19,	47,	0.996183
19,	48,	0.999273
19,	49,	0.997733
19,	50,	1.00162
19,	51,	1.00025
19,	52,	1.00257
19,	53,	1.00112
19,	54,	1.00308
19,	55,	1.00115
19,	56,	1.0044
19,	57,	1.00057
19,	58,	0.999465
19,	59,	0.997404
19,	60,	1.00104
19,	61,	0.996777
19,	62,	1.00338
19,	63,	0.997606
19,	64,	1.00172
19,	65,	0.999421
19,	66,	1.00034
19,	67,	1.002
19,	68,	1.00033
19,	69,	1.00162
19,	70,	0.999354
19,	71,	1.0021
19,	72,	1.00225
19,	73,	1.00068
19,	74,	0.999834
19,	75,	0.998404
19,	76,	0.999846
19,	77,	0.997965
19,	78,	0.996919
19,	79,	0.996712
19,	80,	0.997413
19,	81,	0.997413
19,	82,	0.996712
19,	83,	0.996919
19,	84,	0.997965
19,	85,	0.999846
19,	86,	0.998404
19,	87,	0.999834
19,	88,	1.00068
19,	89,	1.00225
19,	90,	1.0021
19,	91,	0.999354
19,	92,	1.00162
19,	93,	1.00033
19,	94,	1.002
19,	95,	1.00034
19,	96,	0.999421
19,	97,	1.00172
19,	98,	0.997606
19,	99,	1.00338
19,	100,	0.996777
20,	0,	0.999322
20,	1,	1.00033
20,	2,	0.999953
20,	3,	0.997333
20,	4,	1.00139
20,	5,	1.00145
20,	6,	1.00233
20,	7,	1.00391
20,	8,	0.996042
20,	9,	0.995295
20,	10,	0.993964
20,	11,	0.997027
20,	12,	0.995891
20,	13,	0.995922
20,	14,	1.00348
20,	15,	1.0007
20,	16,	1.00294
20,	17,	0.999318
20,	18,	0.995665
20,	19,	0.998763
20,	20,	0.994936
20,	21,	1.00584
20,	22,	1.00075
20,	23,	1.00065
20,	24,	0.996015
20,	25,	0.998869
20,	26,	0.994214
20,	27,	1.00099
20,	28,	0.999879
20,	29,	1.00202
20,	30,	1.00055
20,	31,	1.00202
20,	32,	0.999879
20,	33,	1.00099
20,	34,	0.994214
20,	35,	0.998869
20,	36,	0.996015
20,	37,	1.00065
20,	38,	1.00075
20,	39,	1.00584
20,	40,	0.994936
20,	41,	0.998763
20,	42,	0.995665
20,	43,	0.999318
20,	44,	1.00294
20,	45,	1.0007
20,	46,	1.00348
20,	47,	0.995922
20,	48,	0.995891
20,	49,	0.997027
20,	50,	0.993964
20,	51,	0.995295
20,	52,	0.996042
20,	53,	1.00391
20,	54,	1.00233
20,	55,	1.00145
20,	56,	1.00139
20,	57,	0.997333
20,	58,	0.999953
20,	59,	1.00033
20,	60,	0.999322
20,	61,	0.997392
20,	62,	0.998274
20,	63,	0.999245
20,	64,	1.00073
20,	65,	1.00434
20,	66,	0.998902
20,	67,	1.00362
20,	68,	1.00089
20,	69,	1.00409
20,	70,	0.999597
20,	71,	1.00247
20,	72,	1.00341
20,	73,	1.00221
20,	74,	1.00032
20,	75,	1.00091
20,	76,	0.998016
20,	77,	1.00162
20,	78,	0.995809
20,	79,	0.998343
20,	80,	0.997869
20,	81,	0.997869
20,	82,	0.998343
20,	83,	0.995809
20,	84,	1.00162
20,	85,	0.998016
20,	86,	1.00091
20,	87,	1.00032
20,	88,	1.00221
20,	89,	1.00341
20,	90,	1.00247
20,	91,	0.999597
20,	92,	1.00409
20,	93,	1.00089
20,	94,	1.00362
20,	95,	0.998902
20,	96,	1.00434
20,	97,	1.00073
20,	98,	0.999245
20,	99,	0.998274
20,	100,	0.997392
21,	0,	0.997253
21,	1,	0.997747
21,	2,	0.999117
21,	3,	1.0008
21,	4,	1.00218
21,	5,	0.99831
21,	6,	0.999909
21,	7,	0.995087
21,	8,	0.999171
21,	9,	0.993295
21,	10,	1.00021
21,	11,	0.99641
21,	12,	1.00151
21,	13,	1.00018
21,	14,	1.00313
21,	15,	1.00092
21,	16,	1.00498
21,	17,	0.999655
21,	18,	1.00739
21,	19,	1.00023
21,	20,	1.00584
21,	21,	0.999803
21,	22,	1.00115
21,	23,	1.00032
21,	24,	1.00141
21,	25,	1.00373
21,	26,	1.00419
21,	27,	1.00351
21,	28,	1.00189
21,	29,	0.999081
21,	30,	0.999526
21,	31,	0.999081
21,	32,	1.00189
21,	33,	1.00351
21,	34,	1.00419
21,	35,	1.00373
21,	36,	1.00141
21,	37,	1.00032
21,	38,	1.00115
21,	39,	0.999803
21,	40,	1.00584
21,	41,	1.00023
21,	42,	1.00739
21,	43,	0.999655
21,	44,	1.00498
21,	45,	1.00092
21,	46,	1.00313
21,	47,	1.00018
21,	48,	1.00151
21,	49,	0.99641
21,	50,	1.00021
21,	51,	0.993295
21,	52,	0.999171
21,	53,	0.995087
21,	54,	0.999909
21,	55,	0.99831
21,	56,	1.00218
21,	57,	1.0008
21,	58,	0.999117
21,	59,	0.997747
21,	60,	0.997253
21,	61,	0.996284
21,	62,	1.0013
21,	63,	1.00101
21,	64,	1.00246
21,	65,	1.0025
21,	66,	0.999403
21,	67,	1.00515
21,	68,	0.999986
21,	69,	1.00443
21,	70,	0.997859
21,	71,	1.00266
21,	72,	0.999029
21,	73,	1.00158
21,	74,	0.998139
21,	75,	1.00043
21,	76,	0.999168
21,	77,	0.999259
21,	78,	0.995239
21,	79,	0.99645
21,	80,	0.995647
21,	81,	0.995647
21,	82,	0.99645
21,	83,	0.995239
21,	84,	0.999259
21,	85,	0.999168
21,	86,	1.00043
21,	87,	0.998139
21,	88,	1.00158
21,	89,	0.999029
21,	90,	1.00266
21,	91,	0.997859
21,	92,	1.00443
21,	93,	0.999986
21,	94,	1.00515
21,	95,	0.999403
21,	96,	1.0025
21,	97,	1.00246
21,	98,	1.00101
21,	99,	1.0013
21,	100,	0.996284
22,	0,	1.00087
22,	1,	1.00052
22,	2,	1.0012
22,	3,	0.997616
22,	4,	1.00237
22,	5,	0.997586
22,	6,	1.00005
22,	7,	0.999373
22,	8,	0.995929
22,	9,	0.996636
22,	10,	0.997971
22,	11,	0.999944
22,	12,	0.998986
22,	13,	0.998046
22,	14,	1.00491
22,	15,	1.00508
22,	16,	1.00359
22,	17,	1.00204
22,	18,	0.997481
22,	19,	0.996172
22,	20,	1.00075
22,	21,	1.00115
22,	22,	1.00884
22,	23,	0.997177
22,	24,	1.00194
22,	25,	0.999318
22,	26,	0.997464
22,	27,	1.00396
22,	28,	1.00083
22,	29,	1.00441
22,	30,	0.999756
22,	31,	1.00441
22,	32,	1.00083
22,	33,	1.00396
22,	34,	0.997464
22,	35,	0.999318
22,	36,	1.00194
22,	37,	0.997177
22,	38,	1.00884
22,	39,	1.00115
22,	40,	1.00075
22,	41,	0.996172
22,	42,	0.997481
22,	43,	1.00204
22,	44,	1.00359
22,	45,	1.00508
22,	46,	1.00491
22,	47,	0.998046
22,	48,	0.998986
22,	49,	0.999944
22,	50,	0.997971
22,	51,	0.996636
22,	52,	0.995929
22,	53,	0.999373
22,	54,	1.00005
22,	55,	0.997586
22,	56,	1.00237
22,	57,	0.997616
22,	58,	1.0012
22,	59,	1.00052
22,	60,	1.00087
22,	61,	0.997597
22,	62,	0.998497
22,	63,	0.997014
22,	64,	0.997506
22,	65,	1.00316
22,	66,	0.999855
22,	67,	1.00596
22,	68,	1.00413
22,	69,	1.00652
22,	70,	0.999914
22,	71,	1.00241
22,	72,	1.00083
22,	73,	0.998455
22,	74,	0.99715
22,	75,	0.999212
22,	76,	0.997596
22,	77,	1.00237
22,	78,	0.996544
22,	79,	0.999767
22,	80,	1.00065
22,	81,	1.00065
22,	82,	0.999767
22,	83,	0.996544
22,	84,	1.00237
22,	85,	0.997596
22,	86,	0.999212
22,	87,	0.99715
22,	88,	0.998455
22,	89,	1.00083
22,	90,	1.00241
22,	91,	0.999914
22,	92,	1.00652
22,	93,	1.00413
22,	94,	1.00596
22,	95,	0.999855
22,	96,	1.00316
22,	97,	0.997506
22,	98,	0.997014
22,	99,	0.998497
22,	100,	0.997597
23,	0,	1.00123
23,	1,	1.00313
23,	2,	1.00195
23,	3,	1.00129
23,	4,	1.00005
23,	5,	0.999977
23,	6,	1.00033
23,	7,	1.00108
23,	8,	0.999323
23,	9,	0.9983
23,	10,	0.998412
23,	11,	1.00191
23,	12,	1.00077
23,	13,	1.00391
23,	14,	1.00128
23,	15,	0.999537
23,	16,	1.00086
23,	17,	0.997148
23,	18,	1.0029
23,	19,	0.999714
23,	20,	1.00065
23,	21,	1.00032
23,	22,	0.997177
23,	23,	0.998141
23,	24,	0.99815
23,	25,	0.99926
23,	26,	1.00002
23,	27,	1.00021
23,	28,	0.997217
23,	29,	0.999519
23,	30,	0.994226
23,	31,	0.999519
23,	32,	0.997217
23,	33,	1.00021
23,	34,	1.00002
23,	35,	0.99926
23,	36,	0.99815
23,	37,	0.998141
23,	38,	0.997177
23,	39,	1.00032
23,	40,	1.00065
23,	41,	0.999714
23,	42,	1.0029
23,	43,	0.997148
23,	44,	1.00086
23,	45,	0.999537
23,	46,	1.00128
23,	47,	1.00391
23,	48,	1.00077
23,	49,	1.00191
