0,	0,	1.0027
0,	1,	1.00139
0,	2,	0.999165
0,	3,	1.00284
0,	4,	0.999621
0,	5,	1.00226
0,	6,	1.00006
0,	7,	1.00277
0,	8,	1.00184
0,	9,	1.00327
0,	10,	0.999051
0,	11,	1.00387
0,	12,	0.998538
0,	13,	0.999622
0,	14,	1.00067
0,	15,	0.998191
0,	16,	1.00197
0,	17,	0.996463
0,	18,	1.0006
0,	19,	0.999655
0,	20,	1.00085
0,	21,	1.00266
0,	22,	0.998727
0,	23,	0.998555
0,	24,	0.999636
0,	25,	0.997508
0,	26,	1.00081
0,	27,	1.00093
0,	28,	1.00223
0,	29,	1.00016
0,	30,	1.0008
0,	31,	1.00016
0,	32,	1.00223
0,	33,	1.00093
0,	34,	1.00081
0,	35,	0.997508
0,	36,	0.999636
0,	37,	0.998555
0,	38,	0.998727
0,	39,	1.00266
0,	40,	1.00085
0,	41,	0.999655
0,	42,	1.0006
0,	43,	0.996463
0,	44,	1.00197
0,	45,	0.998191
0,	46,	1.00067
0,	47,	0.999622
0,	48,	0.998538
0,	49,	1.00387
0,	50,	0.999051
0,	51,	1.00327
0,	52,	1.00184
0,	53,	1.00277
0,	54,	1.00006
0,	55,	1.00226
0,	56,	0.999621
0,	57,	1.00284
0,	58,	0.999165
0,	59,	1.00139
0,	60,	1.0027
0,	61,	0.999204
0,	62,	1.00278
0,	63,	0.996708
0,	64,	0.999897
0,	65,	0.994795
0,	66,	0.996039
0,	67,	0.996741
0,	68,	0.999847
0,	69,	1.00039
0,	70,	1.00356
0,	71,	0.999906
0,	72,	1.0011
0,	73,	0.99768
0,	74,	0.999625
0,	75,	0.999352
0,	76,	0.999577
0,	77,	1.00059
0,	78,	0.999445
0,	79,	0.999117
0,	80,	0.997138
0,	81,	0.997138
0,	82,	0.999117
0,	83,	0.999445
0,	84,	1.00059
0,	85,	0.999577
0,	86,	0.999352
0,	87,	0.999625
0,	88,	0.99768
0,	89,	1.0011
0,	90,	0.999906
0,	91,	1.00356
0,	92,	1.00039
0,	93,	0.999847
0,	94,	0.996741
0,	95,	0.996039
0,	96,	0.994795
0,	97,	0.999897
0,	98,	0.996708
0,	99,	1.00278
0,	100,	0.999204
1,	0,	1.00139
1,	1,	0.998888
1,	2,	0.999481
1,	3,	1.00074
1,	4,	0.998982
1,	5,	1.0025
1,	6,	0.997917
1,	7,	1.00072
1,	8,	0.998643
1,	9,	1.00052
1,	10,	1.00144
1,	11,	1.00026
1,	12,	1.0007
1,	13,	0.997178
1,	14,	0.999549
1,	15,	0.997779
1,	16,	1.00193
1,	17,	0.999323
1,	18,	1.00169
1,	19,	0.998421
1,	20,	0.999769
1,	21,	0.999111
1,	22,	0.998701
1,	23,	1.00178
1,	24,	0.997705
1,	25,	1.00243
1,	26,	0.998173
1,	27,	1.0023
1,	28,	0.998912
1,	29,	0.99901
1,	30,	0.9985
1,	31,	0.99901
1,	32,	0.998912
1,	33,	1.0023
1,	34,	0.998173
1,	35,	1.00243
1,	36,	0.997705
1,	37,	1.00178
1,	38,	0.998701
1,	39,	0.999111
1,	40,	0.999769
1,	41,	0.998421
1,	42,	1.00169
1,	43,	0.999323
1,	44,	1.00193
1,	45,	0.997779
1,	46,	0.999549
1,	47,	0.997178
1,	48,	1.0007
1,	49,	1.00026
1,	50,	1.00144
1,	51,	1.00052
1,	52,	0.998643
1,	53,	1.00072
1,	54,	0.997917
1,	55,	1.0025
1,	56,	0.998982
1,	57,	1.00074
1,	58,	0.999481
1,	59,	0.998888
1,	60,	1.00139
1,	61,	1.00006
1,	62,	1.00042
1,	63,	1.00003
1,	64,	0.996652
1,	65,	0.99998
1,	66,	0.996662
1,	67,	1.00211
1,	68,	0.998762
1,	69,	0.999919
1,	70,	0.998096
1,	71,	0.998242
1,	72,	0.997421
1,	73,	0.999959
1,	74,	0.997379
1,	75,	1.00175
1,	76,	0.997249
1,	77,	1.00043
1,	78,	0.998833
1,	79,	1.00002
1,	80,	1.0014
1,	81,	1.0014
1,	82,	1.00002
1,	83,	0.998833
1,	84,	1.00043
1,	85,	0.997249
1,	86,	1.00175
1,	87,	0.997379
1,	88,	0.999959
1,	89,	0.997421
1,	90,	0.998242
1,	91,	0.998096
1,	92,	0.999919
1,	93,	0.998762
1,	94,	1.00211
1,	95,	0.996662
1,	96,	0.99998
1,	97,	0.996652
1,	98,	1.00003
1,	99,	1.00042
1,	100,	1.00006
2,	0,	0.999165
2,	1,	0.999481
2,	2,	0.996594
2,	3,	0.99883
2,	4,	0.997999
2,	5,	0.999012
2,	6,	0.998103
2,	7,	1.00177
2,	8,	1.00105
2,	9,	1.00301
2,	10,	0.999827
2,	11,	1.00387
2,	12,	0.999598
2,	13,	0.999992
2,	14,	1.00145
2,	15,	0.997877
2,	16,	1.00005
2,	17,	0.995595
2,	18,	0.997132
2,	19,	0.999368
2,	20,	0.997161
2,	21,	1.00413
2,	22,	0.995799
2,	23,	1.00082
2,	24,	0.996053
2,	25,	0.999778
2,	26,	0.99685
2,	27,	1.00113
2,	28,	1.00074
2,	29,	1.00068
2,	30,	1.00158
2,	31,	1.00068
2,	32,	1.00074
2,	33,	1.00113
2,	34,	0.99685
2,	35,	0.999778
2,	36,	0.996053
2,	37,	1.00082
2,	38,	0.995799
2,	39,	1.00413
2,	40,	0.997161
2,	41,	0.999368
2,	42,	0.997132
2,	43,	0.995595
2,	44,	1.00005
2,	45,	0.997877
2,	46,	1.00145
2,	47,	0.999992
2,	48,	0.999598
2,	49,	1.00387
2,	50,	0.999827
2,	51,	1.00301
2,	52,	1.00105
2,	53,	1.00177
2,	54,	0.998103
2,	55,	0.999012
2,	56,	0.997999
2,	57,	0.99883
2,	58,	0.996594
2,	59,	0.999481
2,	60,	0.999165
2,	61,	0.998709
2,	62,	1.00128
2,	63,	1.00076
2,	64,	1.00343
2,	65,	0.999091
2,	66,	0.998527
2,	67,	0.998242
2,	68,	1.00122
2,	69,	1.00203
2,	70,	1.00354
2,	71,	1.00109
2,	72,	1.00011
2,	73,	0.998486
2,	74,	1.00019
2,	75,	0.997568
2,	76,	1.00108
2,	77,	0.998087
2,	78,	1.00251
2,	79,	0.99978
2,	80,	0.998802
2,	81,	0.998802
2,	82,	0.99978
2,	83,	1.00251
2,	84,	0.998087
2,	85,	1.00108
2,	86,	0.997568
2,	87,	1.00019
2,	88,	0.998486
2,	89,	1.00011
2,	90,	1.00109
2,	91,	1.00354
2,	92,	1.00203
2,	93,	1.00122
2,	94,	0.998242
2,	95,	0.998527
2,	96,	0.999091
2,	97,	1.00343
2,	98,	1.00076
2,	99,	1.00128
2,	100,	0.998709
3,	0,	1.00284
3,	1,	1.00074
3,	2,	0.99883
3,	3,	0.999531
3,	4,	0.997726
3,	5,	1.00212
3,	6,	0.998879
3,	7,	1.00298
3,	8,	0.999299
3,	9,	1.00037
3,	10,	0.999647
3,	11,	0.99914
3,	12,	1.00082
3,	13,	0.997789
3,	14,	0.999112
3,	15,	0.998872
3,	16,	1.00002
3,	17,	1.00045
3,	18,	0.999897
3,	19,	0.998425
3,	20,	0.998016
3,	21,	0.999145
3,	22,	0.998
3,	23,	1.00196
3,	24,	0.996972
3,	25,	1.00053
3,	26,	0.995394
3,	27,	1.00014
3,	28,	0.997741
3,	29,	1.00116
3,	30,	1.00046
3,	31,	1.00116
3,	32,	0.997741
3,	33,	1.00014
3,	34,	0.995394
3,	35,	1.00053
3,	36,	0.996972
3,	37,	1.00196
3,	38,	0.998
3,	39,	0.999145
3,	40,	0.998016
3,	41,	0.998425
3,	42,	0.999897
3,	43,	1.00045
3,	44,	1.00002
3,	45,	0.998872
3,	46,	0.999112
3,	47,	0.997789
3,	48,	1.00082
3,	49,	0.99914
3,	50,	0.999647
3,	51,	1.00037
3,	52,	0.999299
3,	53,	1.00298
3,	54,	0.998879
3,	55,	1.00212
3,	56,	0.997726
3,	57,	0.999531
3,	58,	0.99883
3,	59,	1.00074
3,	60,	1.00284
3,	61,	1.00326
3,	62,	1.00222
3,	63,	1.00222
3,	64,	0.998839
3,	65,	1.00243
3,	66,	0.997287
3,	67,	1.0028
3,	68,	0.999465
3,	69,	1.00022
3,	70,	0.999322
3,	71,	0.998904
3,	72,	0.997968
3,	73,	1.00103
3,	74,	0.997421
3,	75,	0.999479
3,	76,	0.995821
3,	77,	0.999937
3,	78,	0.999762
3,	79,	1.00316
3,	80,	1.00378
3,	81,	1.00378
3,	82,	1.00316
3,	83,	0.999762
3,	84,	0.999937
3,	85,	0.995821
3,	86,	0.999479
3,	87,	0.997421
3,	88,	1.00103
3,	89,	0.997968
3,	90,	0.998904
3,	91,	0.999322
3,	92,	1.00022
3,	93,	0.999465
3,	94,	1.0028
3,	95,	0.997287
3,	96,	1.00243
3,	97,	0.998839
3,	98,	1.00222
3,	99,	1.00222
3,	100,	1.00326
4,	0,	0.999621
4,	1,	0.998982
4,	2,	0.997999
4,	3,	0.997726
4,	4,	0.999136
4,	5,	0.998209
4,	6,	0.998586
4,	7,	1.0003
4,	8,	1.00158
4,	9,	1.00117
4,	10,	0.999731
4,	11,	1.0028
4,	12,	0.998202
4,	13,	1.00218
4,	14,	0.998418
4,	15,	1.00032
4,	16,	0.996172
4,	17,	0.997635
4,	18,	0.995979
4,	19,	1.00186
4,	20,	0.997777
4,	21,	1.00569
4,	22,	0.996344
4,	23,	1.00255
4,	24,	0.996938
4,	25,	1.00073
4,	26,	0.99621
4,	27,	0.998311
4,	28,	0.998506
4,	29,	0.997584
4,	30,	1.00087
4,	31,	0.997584
4,	32,	0.998506
4,	33,	0.998311
4,	34,	0.99621
4,	35,	1.00073
4,	36,	0.996938
4,	37,	1.00255
4,	38,	0.996344
4,	39,	1.00569
4,	40,	0.997777
4,	41,	1.00186
4,	42,	0.995979
4,	43,	0.997635
4,	44,	0.996172
4,	45,	1.00032
4,	46,	0.998418
4,	47,	1.00218
4,	48,	0.998202
4,	49,	1.0028
4,	50,	0.999731
4,	51,	1.00117
4,	52,	1.00158
4,	53,	1.0003
4,	54,	0.998586
4,	55,	0.998209
4,	56,	0.999136
4,	57,	0.997726
4,	58,	0.997999
4,	59,	0.998982
4,	60,	0.999621
4,	61,	1.00068
4,	62,	1.0013
4,	63,	1.00337
4,	64,	1.00435
4,	65,	1.00253
4,	66,	0.999747
4,	67,	1.00039
4,	68,	1.00095
4,	69,	1.00304
4,	70,	1.00273
4,	71,	1.00123
4,	72,	0.999809
4,	73,	0.997545
4,	74,	1.00061
4,	75,	0.994951
4,	76,	1.00138
4,	77,	0.99846
4,	78,	1.00407
4,	79,	1.00317
4,	80,	1.00189
4,	81,	1.00189
4,	82,	1.00317
4,	83,	1.00407
4,	84,	0.99846
4,	85,	1.00138
4,	86,	0.994951
4,	87,	1.00061
4,	88,	0.997545
4,	89,	0.999809
4,	90,	1.00123
4,	91,	1.00273
4,	92,	1.00304
4,	93,	1.00095
4,	94,	1.00039
4,	95,	0.999747
4,	96,	1.00253
4,	97,	1.00435
4,	98,	1.00337
4,	99,	1.0013
4,	100,	1.00068
5,	0,	1.00226
5,	1,	1.0025
5,	2,	0.999012
5,	3,	1.00212
5,	4,	0.998209
5,	5,	1.00504
5,	6,	1.001
5,	7,	1.00543
5,	8,	1.00081
5,	9,	1.00092
5,	10,	1.00002
5,	11,	0.99976
5,	12,	1.00304
5,	13,	0.999349
5,	14,	0.998956
5,	15,	0.997839
5,	16,	0.99671
5,	17,	0.997642
5,	18,	0.998267
5,	19,	0.997048
5,	20,	0.999444
5,	21,	0.99858
5,	22,	1.0001
5,	23,	1.00236
5,	24,	0.999881
5,	25,	1.00141
5,	26,	0.996641
5,	27,	1.00015
5,	28,	0.996368
5,	29,	1.00126
5,	30,	0.99933
5,	31,	1.00126
5,	32,	0.996368
5,	33,	1.00015
5,	34,	0.996641
5,	35,	1.00141
5,	36,	0.999881
5,	37,	1.00236
5,	38,	1.0001
5,	39,	0.99858
5,	40,	0.999444
5,	41,	0.997048
5,	42,	0.998267
5,	43,	0.997642
5,	44,	0.99671
5,	45,	0.997839
5,	46,	0.998956
5,	47,	0.999349
5,	48,	1.00304
5,	49,	0.99976
5,	50,	1.00002
5,	51,	1.00092
5,	52,	1.00081
5,	53,	1.00543
5,	54,	1.001
5,	55,	1.00504
5,	56,	0.998209
5,	57,	1.00212
5,	58,	0.999012
5,	59,	1.0025
5,	60,	1.00226
5,	61,	1.00422
5,	62,	1.00101
5,	63,	1.00087
5,	64,	0.998061
5,	65,	1.00262
5,	66,	0.99665
5,	67,	1.00309
5,	68,	0.998557
5,	69,	0.999964
5,	70,	1.00045
5,	71,	0.997692
5,	72,	1.00172
5,	73,	0.999536
5,	74,	1.00276
5,	75,	0.996935
5,	76,	0.998531
5,	77,	0.999477
5,	78,	1.00016
5,	79,	1.00426
5,	80,	1.00453
5,	81,	1.00453
5,	82,	1.00426
5,	83,	1.00016
5,	84,	0.999477
5,	85,	0.998531
5,	86,	0.996935
5,	87,	1.00276
5,	88,	0.999536
5,	89,	1.00172
5,	90,	0.997692
5,	91,	1.00045
5,	92,	0.999964
5,	93,	0.998557
5,	94,	1.00309
5,	95,	0.99665
5,	96,	1.00262
5,	97,	0.998061
5,	98,	1.00087
5,	99,	1.00101
5,	100,	1.00422
6,	0,	1.00006
6,	1,	0.997917
6,	2,	0.998103
6,	3,	0.998879
6,	4,	0.998586
6,	5,	1.001
6,	6,	0.996168
6,	7,	0.999596
6,	8,	0.998879
6,	9,	0.999259
6,	10,	0.999107
6,	11,	1.00156
6,	12,	0.998441
6,	13,	1.00267
6,	14,	0.997957
6,	15,	1.00191
6,	16,	0.996574
6,	17,	0.999502
6,	18,	0.997716
6,	19,	1.00229
6,	20,	0.999094
6,	21,	1.0017
6,	22,	0.997179
6,	23,	1.00031
6,	24,	1.00133
6,	25,	1.00186
6,	26,	0.998953
6,	27,	0.998962
6,	28,	0.996108
6,	29,	0.997651
6,	30,	0.997951
6,	31,	0.997651
6,	32,	0.996108
6,	33,	0.998962
6,	34,	0.998953
6,	35,	1.00186
6,	36,	1.00133
6,	37,	1.00031
6,	38,	0.997179
6,	39,	1.0017
6,	40,	0.999094
6,	41,	1.00229
6,	42,	0.997716
6,	43,	0.999502
6,	44,	0.996574
6,	45,	1.00191
6,	46,	0.997957
6,	47,	1.00267
6,	48,	0.998441
6,	49,	1.00156
6,	50,	0.999107
6,	51,	0.999259
6,	52,	0.998879
6,	53,	0.999596
6,	54,	0.996168
6,	55,	1.001
6,	56,	0.998586
6,	57,	0.998879
6,	58,	0.998103
6,	59,	0.997917
6,	60,	1.00006
6,	61,	1.00282
6,	62,	1.0008
6,	63,	1.00328
6,	64,	1.0011
6,	65,	1.00023
6,	66,	0.99792
6,	67,	0.999338
6,	68,	1.00074
6,	69,	1.00393
6,	70,	1.003
6,	71,	1.00237
6,	72,	0.999307
6,	73,	0.997659
6,	74,	1.00083
6,	75,	0.996763
6,	76,	1.00236
6,	77,	1.002
6,	78,	1.00348
6,	79,	1.00408
6,	80,	1.00176
6,	81,	1.00176
6,	82,	1.00408
6,	83,	1.00348
6,	84,	1.002
6,	85,	1.00236
6,	86,	0.996763
6,	87,	1.00083
6,	88,	0.997659
6,	89,	0.999307
6,	90,	1.00237
6,	91,	1.003
6,	92,	1.00393
6,	93,	1.00074
6,	94,	0.999338
6,	95,	0.99792
6,	96,	1.00023
6,	97,	1.0011
6,	98,	1.00328
6,	99,	1.0008
6,	100,	1.00282
7,	0,	1.00277
7,	1,	1.00072
7,	2,	1.00177
7,	3,	1.00298
7,	4,	1.0003
7,	5,	1.00543
7,	6,	0.999596
7,	7,	1.00493
7,	8,	0.99835
7,	9,	1.00206
7,	10,	0.999394
7,	11,	1.0015
7,	12,	1.00429
7,	13,	1.0004
7,	14,	1.00302
7,	15,	0.999392
7,	16,	1.0016
7,	17,	0.999048
7,	18,	1.00163
7,	19,	0.998449
7,	20,	1.00086
7,	21,	0.997234
7,	22,	0.999191
7,	23,	0.999009
7,	24,	1.00081
7,	25,	1.00104
7,	26,	1.00104
7,	27,	1.00234
7,	28,	1.00202
7,	29,	1.00292
7,	30,	1.00474
7,	31,	1.00292
7,	32,	1.00202
7,	33,	1.00234
7,	34,	1.00104
7,	35,	1.00104
7,	36,	1.00081
7,	37,	0.999009
7,	38,	0.999191
7,	39,	0.997234
7,	40,	1.00086
7,	41,	0.998449
7,	42,	1.00163
7,	43,	0.999048
7,	44,	1.0016
7,	45,	0.999392
7,	46,	1.00302
7,	47,	1.0004
7,	48,	1.00429
7,	49,	1.0015
7,	50,	0.999394
7,	51,	1.00206
7,	52,	0.99835
7,	53,	1.00493
7,	54,	0.999596
7,	55,	1.00543
7,	56,	1.0003
7,	57,	1.00298
7,	58,	1.00177
7,	59,	1.00072
7,	60,	1.00277
7,	61,	1.0008
7,	62,	1.00226
7,	63,	0.998159
7,	64,	1.00134
7,	65,	0.998037
7,	66,	0.997629
7,	67,	0.996303
7,	68,	0.995965
7,	69,	0.996195
7,	70,	0.998411
7,	71,	0.998343
7,	72,	1.00187
7,	73,	1.00175
7,	74,	1.00436
7,	75,	0.999997
7,	76,	1.00012
7,	77,	1.00145
7,	78,	0.999854
7,	79,	1.00411
7,	80,	1.0035
7,	81,	1.0035
7,	82,	1.00411
7,	83,	0.999854
7,	84,	1.00145
7,	85,	1.00012
7,	86,	0.999997
7,	87,	1.00436
7,	88,	1.00175
7,	89,	1.00187
7,	90,	0.998343
7,	91,	0.998411
7,	92,	0.996195
7,	93,	0.995965
7,	94,	0.996303
7,	95,	0.997629
7,	96,	0.998037
7,	97,	1.00134
7,	98,	0.998159
7,	99,	1.00226
7,	100,	1.0008
8,	0,	1.00184
8,	1,	0.998643
8,	2,	1.00105
8,	3,	0.999299
8,	4,	1.00158
8,	5,	1.00081
8,	6,	0.998879
8,	7,	0.99835
8,	8,	1.00198
8,	9,	1.00045
8,	10,	1.00305
8,	11,	1.00281
8,	12,	1.0009
8,	13,	1.0024
8,	14,	1.00215
8,	15,	1.00207
8,	16,	1.00319
8,	17,	1.0003
8,	18,	1.00202
8,	19,	1.0024
8,	20,	0.998564
8,	21,	0.998929
8,	22,	0.994872
8,	23,	0.999092
8,	24,	1.00178
8,	25,	1.00311
8,	26,	0.999678
8,	27,	1.00078
8,	28,	0.996259
8,	29,	0.999838
8,	30,	0.998856
8,	31,	0.999838
8,	32,	0.996259
8,	33,	1.00078
8,	34,	0.999678
8,	35,	1.00311
8,	36,	1.00178
8,	37,	0.999092
8,	38,	0.994872
8,	39,	0.998929
8,	40,	0.998564
8,	41,	1.0024
8,	42,	1.00202
8,	43,	1.0003
8,	44,	1.00319
8,	45,	1.00207
8,	46,	1.00215
8,	47,	1.0024
8,	48,	1.0009
8,	49,	1.00281
8,	50,	1.00305
8,	51,	1.00045
8,	52,	1.00198
8,	53,	0.99835
8,	54,	0.998879
8,	55,	1.00081
8,	56,	1.00158
8,	57,	0.999299
8,	58,	1.00105
8,	59,	0.998643
8,	60,	1.00184
8,	61,	1.00401
8,	62,	1.00168
8,	63,	1.00391
8,	64,	1.00367
8,	65,	0.998956
8,	66,	1.00091
8,	67,	0.993986
8,	68,	1.00031
8,	69,	0.999498
8,	70,	1.00288
8,	71,	1.00423
8,	72,	1.00055
8,	73,	1.00112
8,	74,	1.00025
8,	75,	0.998654
8,	76,	0.999904
8,	77,	1.00105
8,	78,	0.999486
8,	79,	1.00079
8,	80,	0.998751
8,	81,	0.998751
8,	82,	1.00079
8,	83,	0.999486
8,	84,	1.00105
8,	85,	0.999904
8,	86,	0.998654
8,	87,	1.00025
8,	88,	1.00112
8,	89,	1.00055
8,	90,	1.00423
8,	91,	1.00288
8,	92,	0.999498
8,	93,	1.00031
8,	94,	0.993986
8,	95,	1.00091
8,	96,	0.998956
8,	97,	1.00367
8,	98,	1.00391
8,	99,	1.00168
8,	100,	1.00401
9,	0,	1.00327
9,	1,	1.00052
9,	2,	1.00301
9,	3,	1.00037
9,	4,	1.00117
9,	5,	1.00092
9,	6,	0.999259
9,	7,	1.00206
9,	8,	1.00045
9,	9,	1.00271
9,	10,	1.00172
9,	11,	1.00168
9,	12,	1.00222
9,	13,	0.999564
9,	14,	1.00326
9,	15,	0.999741
9,	16,	1.00303
9,	17,	0.999234
9,	18,	1.00052
9,	19,	0.999211
9,	20,	0.99942
9,	21,	0.999229
9,	22,	0.999013
9,	23,	0.999031
9,	24,	0.999974
9,	25,	1.00144
9,	26,	1.00096
9,	27,	1.00295
9,	28,	1.00153
9,	29,	1.00169
9,	30,	1.00183
9,	31,	1.00169
9,	32,	1.00153
9,	33,	1.00295
9,	34,	1.00096
9,	35,	1.00144
9,	36,	0.999974
9,	37,	0.999031
9,	38,	0.999013
9,	39,	0.999229
9,	40,	0.99942
9,	41,	0.999211
9,	42,	1.00052
9,	43,	0.999234
9,	44,	1.00303
9,	45,	0.999741
9,	46,	1.00326
9,	47,	0.999564
9,	48,	1.00222
9,	49,	1.00168
9,	50,	1.00172
9,	51,	1.00271
9,	52,	1.00045
9,	53,	1.00206
9,	54,	0.999259
9,	55,	1.00092
9,	56,	1.00117
9,	57,	1.00037
9,	58,	1.00301
9,	59,	1.00052
9,	60,	1.00327
9,	61,	1.00021
9,	62,	1.0028
9,	63,	1.00041
9,	64,	1.00417
9,	65,	0.999547
9,	66,	1.00064
9,	67,	0.996851
9,	68,	0.996965
9,	69,	0.998271
9,	70,	0.997974
9,	71,	1.00239
9,	72,	1.00153
9,	73,	1.00422
9,	74,	1.00238
9,	75,	1.00035
9,	76,	0.998172
9,	77,	0.998449
9,	78,	0.997734
9,	79,	1.00025
9,	80,	0.999628
9,	81,	0.999628
9,	82,	1.00025
9,	83,	0.997734
9,	84,	0.998449
9,	85,	0.998172
9,	86,	1.00035
9,	87,	1.00238
9,	88,	1.00422
9,	89,	1.00153
9,	90,	1.00239
9,	91,	0.997974
9,	92,	0.998271
9,	93,	0.996965
9,	94,	0.996851
9,	95,	1.00064
9,	96,	0.999547
9,	97,	1.00417
9,	98,	1.00041
9,	99,	1.0028
9,	100,	1.00021
10,	0,	0.999051
10,	1,	1.00144
10,	2,	0.999827
10,	3,	0.999647
10,	4,	0.999731
10,	5,	1.00002
10,	6,	0.999107
10,	7,	0.999394
10,	8,	1.00305
10,	9,	1.00172
10,	10,	1.00288
10,	11,	1.00174
10,	12,	0.999465
10,	13,	1.001
10,	14,	1.00254
10,	15,	0.999706
10,	16,	1.00302
10,	17,	0.997917
10,	18,	1.00012
10,	19,	1.00159
10,	20,	0.99674
10,	21,	1.00045
10,	22,	0.995697
10,	23,	1.00132
10,	24,	1.00222
10,	25,	1.00323
10,	26,	0.999409
10,	27,	0.998016
10,	28,	0.996845
10,	29,	0.996909
10,	30,	1.00026
10,	31,	0.996909
10,	32,	0.996845
10,	33,	0.998016
10,	34,	0.999409
10,	35,	1.00323
10,	36,	1.00222
10,	37,	1.00132
10,	38,	0.995697
10,	39,	1.00045
10,	40,	0.99674
10,	41,	1.00159
10,	42,	1.00012
10,	43,	0.997917
10,	44,	1.00302
10,	45,	0.999706
10,	46,	1.00254
10,	47,	1.001
10,	48,	0.999465
10,	49,	1.00174
10,	50,	1.00288
10,	51,	1.00172
10,	52,	1.00305
10,	53,	0.999394
10,	54,	0.999107
10,	55,	1.00002
10,	56,	0.999731
10,	57,	0.999647
10,	58,	0.999827
10,	59,	1.00144
10,	60,	0.999051
10,	61,	1.00419
10,	62,	0.997399
10,	63,	1.00448
10,	64,	1.00215
10,	65,	1.0018
10,	66,	1.00144
10,	67,	0.995211
10,	68,	0.999088
10,	69,	0.998038
10,	70,	1.00085
10,	71,	1.00281
10,	72,	1.00064
10,	73,	1.00207
10,	74,	1.0011
10,	75,	0.999936
10,	76,	1.00016
10,	77,	1.00018
10,	78,	0.998847
10,	79,	0.999638
10,	80,	0.998043
10,	81,	0.998043
10,	82,	0.999638
10,	83,	0.998847
10,	84,	1.00018
10,	85,	1.00016
10,	86,	0.999936
10,	87,	1.0011
10,	88,	1.00207
10,	89,	1.00064
10,	90,	1.00281
10,	91,	1.00085
10,	92,	0.998038
10,	93,	0.999088
10,	94,	0.995211
10,	95,	1.00144
10,	96,	1.0018
10,	97,	1.00215
10,	98,	1.00448
10,	99,	0.997399
10,	100,	1.00419
11,	0,	1.00387
11,	1,	1.00026
11,	2,	1.00387
11,	3,	0.99914
11,	4,	1.0028
11,	5,	0.99976
11,	6,	1.00156
11,	7,	1.0015
11,	8,	1.00281
11,	9,	1.00168
11,	10,	1.00174
11,	11,	1.00004
11,	12,	0.99843
11,	13,	0.999454
11,	14,	1.00104
11,	15,	1.00123
11,	16,	1.00186
11,	17,	1.00131
11,	18,	0.999842
11,	19,	1.00225
11,	20,	1.00123
11,	21,	1.0037
11,	22,	1.0026
11,	23,	0.99935
11,	24,	1.00046
11,	25,	0.999089
11,	26,	1.00115
11,	27,	1.00112
11,	28,	1.00218
11,	29,	1.00099
11,	30,	1.00071
11,	31,	1.00099
11,	32,	1.00218
11,	33,	1.00112
11,	34,	1.00115
11,	35,	0.999089
11,	36,	1.00046
11,	37,	0.99935
11,	38,	1.0026
11,	39,	1.0037
11,	40,	1.00123
11,	41,	1.00225
11,	42,	0.999842
11,	43,	1.00131
11,	44,	1.00186
11,	45,	1.00123
11,	46,	1.00104
11,	47,	0.999454
11,	48,	0.99843
11,	49,	1.00004
11,	50,	1.00174
11,	51,	1.00168
11,	52,	1.00281
11,	53,	1.0015
11,	54,	1.00156
11,	55,	0.99976
11,	56,	1.0028
11,	57,	0.99914
11,	58,	1.00387
11,	59,	1.00026
11,	60,	1.00387
11,	61,	0.997196
11,	62,	1.00046
11,	63,	0.997562
11,	64,	0.999797
11,	65,	0.9979
11,	66,	0.999224
11,	67,	0.998132
11,	68,	0.999642
11,	69,	0.998802
11,	70,	0.99991
11,	71,	0.999141
11,	72,	1.00114
11,	73,	0.99968
11,	74,	1.00083
11,	75,	0.999196
11,	76,	0.999394
11,	77,	0.998742
11,	78,	1.00055
11,	79,	1.00163
11,	80,	1.00088
11,	81,	1.00088
11,	82,	1.00163
11,	83,	1.00055
11,	84,	0.998742
11,	85,	0.999394
11,	86,	0.999196
11,	87,	1.00083
11,	88,	0.99968
11,	89,	1.00114
11,	90,	0.999141
11,	91,	0.99991
11,	92,	0.998802
11,	93,	0.999642
11,	94,	0.998132
11,	95,	0.999224
11,	96,	0.9979
11,	97,	0.999797
11,	98,	0.997562
11,	99,	1.00046
11,	100,	0.997196
12,	0,	0.998538
12,	1,	1.0007
12,	2,	0.999598
12,	3,	1.00082
12,	4,	0.998202
12,	5,	1.00304
12,	6,	0.998441
12,	7,	1.00429
12,	8,	1.0009
12,	9,	1.00222
12,	10,	0.999465
12,	11,	0.99843
12,	12,	0.999344
12,	13,	0.999627
12,	14,	1.0048
12,	15,	0.998915
12,	16,	1.00359
12,	17,	0.998812
12,	18,	1.00074
12,	19,	1.00368
12,	20,	0.997681
12,	21,	1.0023
12,	22,	0.996394
12,	23,	0.999716
12,	24,	1.00039
12,	25,	0.999457
12,	26,	0.999947
12,	27,	0.995881
12,	28,	1.00129
12,	29,	0.998931
12,	30,	1.00606
12,	31,	0.998931
12,	32,	1.00129
12,	33,	0.995881
12,	34,	0.999947
12,	35,	0.999457
12,	36,	1.00039
12,	37,	0.999716
12,	38,	0.996394
12,	39,	1.0023
12,	40,	0.997681
12,	41,	1.00368
12,	42,	1.00074
12,	43,	0.998812
12,	44,	1.00359
12,	45,	0.998915
12,	46,	1.0048
12,	47,	0.999627
12,	48,	0.999344
12,	49,	0.99843
12,	50,	0.999465
12,	51,	1.00222
12,	52,	1.0009
12,	53,	1.00429
12,	54,	0.998441
12,	55,	1.00304
12,	56,	0.998202
12,	57,	1.00082
12,	58,	0.999598
12,	59,	1.0007
12,	60,	0.998538
12,	61,	0.999958
12,	62,	0.997026
12,	63,	1.00078
12,	64,	1.00062
12,	65,	1.00007
12,	66,	0.999558
12,	67,	0.994995
12,	68,	0.998694
12,	69,	0.996895
12,	70,	1.00012
12,	71,	0.998403
12,	72,	0.998675
12,	73,	0.999481
12,	74,	0.99987
12,	75,	1.0018
12,	76,	1.0017
12,	77,	1.0039
12,	78,	1.00057
12,	79,	1.00169
12,	80,	0.997883
12,	81,	0.997883
12,	82,	1.00169
12,	83,	1.00057
12,	84,	1.0039
12,	85,	1.0017
12,	86,	1.0018
12,	87,	0.99987
12,	88,	0.999481
12,	89,	0.998675
12,	90,	0.998403
12,	91,	1.00012
12,	92,	0.996895
12,	93,	0.998694
12,	94,	0.994995
12,	95,	0.999558
12,	96,	1.00007
12,	97,	1.00062
12,	98,	1.00078
12,	99,	0.997026
12,	100,	0.999958
13,	0,	0.999622
13,	1,	0.997178
13,	2,	0.999992
13,	3,	0.997789
13,	4,	1.00218
13,	5,	0.999349
13,	6,	1.00267
13,	7,	1.0004
13,	8,	1.0024
13,	9,	0.999564
13,	10,	1.001
13,	11,	0.999454
13,	12,	0.999627
13,	13,	0.999407
13,	14,	1.00184
13,	15,	0.999974
13,	16,	1.00164
13,	17,	0.999014
13,	18,	0.999795
13,	19,	1.00051
13,	20,	1.00025
13,	21,	1.00364
13,	22,	0.999459
13,	23,	0.999925
13,	24,	0.996417
13,	25,	0.999341
13,	26,	0.997525
13,	27,	1.00224
13,	28,	0.999482
13,	29,	1.00304
13,	30,	0.997227
13,	31,	1.00304
13,	32,	0.999482
13,	33,	1.00224
13,	34,	0.997525
13,	35,	0.999341
13,	36,	0.996417
13,	37,	0.999925
13,	38,	0.999459
13,	39,	1.00364
13,	40,	1.00025
13,	41,	1.00051
13,	42,	0.999795
13,	43,	0.999014
13,	44,	1.00164
13,	45,	0.999974
13,	46,	1.00184
13,	47,	0.999407
13,	48,	0.999627
13,	49,	0.999454
13,	50,	1.001
13,	51,	0.999564
13,	52,	1.0024
13,	53,	1.0004
13,	54,	1.00267
13,	55,	0.999349
13,	56,	1.00218
13,	57,	0.997789
13,	58,	0.999992
13,	59,	0.997178
13,	60,	0.999622
13,	61,	0.995985
13,	62,	0.998123
13,	63,	1.00069
13,	64,	0.997811
13,	65,	1.00324
13,	66,	0.998593
13,	67,	1.00281
13,	68,	1.00086
13,	69,	1.00113
13,	70,	1.00291
13,	71,	1.00008
13,	72,	1.00383
13,	73,	0.998549
13,	74,	1.00065
13,	75,	0.997228
13,	76,	0.998801
13,	77,	0.996329
13,	78,	1.00026
13,	79,	0.999828
13,	80,	1.00021
13,	81,	1.00021
13,	82,	0.999828
13,	83,	1.00026
13,	84,	0.996329
13,	85,	0.998801
13,	86,	0.997228
13,	87,	1.00065
13,	88,	0.998549
13,	89,	1.00383
13,	90,	1.00008
13,	91,	1.00291
13,	92,	1.00113
13,	93,	1.00086
13,	94,	1.00281
13,	95,	0.998593
13,	96,	1.00324
13,	97,	0.997811
13,	98,	1.00069
13,	99,	0.998123
13,	100,	0.995985
14,	0,	1.00067
14,	1,	0.999549
14,	2,	1.00145
14,	3,	0.999112
14,	4,	0.998418
14,	5,	0.998956
14,	6,	0.997957
14,	7,	1.00302
14,	8,	1.00215
14,	9,	1.00326
14,	10,	1.00254
14,	11,	1.00104
14,	12,	1.0048
14,	13,	1.00184
14,	14,	1.0066
14,	15,	0.998179
14,	16,	1.00231
14,	17,	0.996856
14,	18,	1.00165
14,	19,	1.00171
14,	20,	1.00039
14,	21,	1.0015
14,	22,	0.997434
14,	23,	0.998897
14,	24,	0.999311
14,	25,	0.999179
14,	26,	0.999084
14,	27,	0.998113
14,	28,	0.999877
14,	29,	1.00309
14,	30,	1.0031
14,	31,	1.00309
14,	32,	0.999877
14,	33,	0.998113
14,	34,	0.999084
14,	35,	0.999179
14,	36,	0.999311
14,	37,	0.998897
14,	38,	0.997434
14,	39,	1.0015
14,	40,	1.00039
14,	41,	1.00171
14,	42,	1.00165
14,	43,	0.996856
14,	44,	1.00231
14,	45,	0.998179
14,	46,	1.0066
14,	47,	1.00184
14,	48,	1.0048
14,	49,	1.00104
14,	50,	1.00254
14,	51,	1.00326
14,	52,	1.00215
14,	53,	1.00302
14,	54,	0.997957
14,	55,	0.998956
14,	56,	0.998418
14,	57,	0.999112
14,	58,	1.00145
14,	59,	0.999549
14,	60,	1.00067
14,	61,	0.999535
14,	62,	1.00129
14,	63,	1.00225
14,	64,	1.00339
14,	65,	1.00168
14,	66,	1.00028
14,	67,	0.997633
14,	68,	0.999432
14,	69,	0.99913
14,	70,	1.00037
14,	71,	0.999236
14,	72,	0.998334
14,	73,	0.999249
14,	74,	0.998995
14,	75,	1.00033
14,	76,	1.00115
14,	77,	1.00145
14,	78,	0.999422
14,	79,	0.998143
14,	80,	0.994337
14,	81,	0.994337
14,	82,	0.998143
14,	83,	0.999422
14,	84,	1.00145
14,	85,	1.00115
14,	86,	1.00033
14,	87,	0.998995
14,	88,	0.999249
14,	89,	0.998334
14,	90,	0.999236
14,	91,	1.00037
14,	92,	0.99913
14,	93,	0.999432
14,	94,	0.997633
14,	95,	1.00028
14,	96,	1.00168
14,	97,	1.00339
14,	98,	1.00225
14,	99,	1.00129
14,	100,	0.999535
15,	0,	0.998191
15,	1,	0.997779
15,	2,	0.997877
15,	3,	0.998872
15,	4,	1.00032
15,	5,	0.997839
15,	6,	1.00191
15,	7,	0.999392
15,	8,	1.00207
15,	9,	0.999741
15,	10,	0.999706
15,	11,	1.00123
15,	12,	0.998915
15,	13,	0.999974
15,	14,	0.998179
15,	15,	1.00128
15,	16,	0.999552
15,	17,	1.00124
15,	18,	1.00173
15,	19,	1.00105
15,	20,	1.0024
15,	21,	1.00156
15,	22,	0.999417
15,	23,	0.999376
15,	24,	0.998301
15,	25,	0.998928
15,	26,	0.997881
15,	27,	1.00148
15,	28,	0.998618
15,	29,	1.00206
15,	30,	0.995907
15,	31,	1.00206
15,	32,	0.998618
15,	33,	1.00148
15,	34,	0.997881
15,	35,	0.998928
15,	36,	0.998301
15,	37,	0.999376
15,	38,	0.999417
15,	39,	1.00156
15,	40,	1.0024
15,	41,	1.00105
15,	42,	1.00173
15,	43,	1.00124
15,	44,	0.999552
15,	45,	1.00128
15,	46,	0.998179
15,	47,	0.999974
15,	48,	0.998915
15,	49,	1.00123
15,	50,	0.999706
15,	51,	0.999741
15,	52,	1.00207
15,	53,	0.999392
15,	54,	1.00191
15,	55,	0.997839
15,	56,	1.00032
15,	57,	0.998872
15,	58,	0.997877
15,	59,	0.997779
15,	60,	0.998191
15,	61,	0.997433
15,	62,	0.999863
15,	63,	1.00066
15,	64,	1.0004
15,	65,	1.00023
15,	66,	1.00006
15,	67,	0.998228
15,	68,	0.998715
15,	69,	0.99701
15,	70,	0.999572
15,	71,	1.00024
15,	72,	1.00174
15,	73,	1.0014
15,	74,	1.00048
15,	75,	1.00184
15,	76,	1.00043
15,	77,	0.998985
15,	78,	1.00093
15,	79,	0.999183
15,	80,	1.00035
15,	81,	1.00035
15,	82,	0.999183
15,	83,	1.00093
15,	84,	0.998985
15,	85,	1.00043
15,	86,	1.00184
15,	87,	1.00048
15,	88,	1.0014
15,	89,	1.00174
15,	90,	1.00024
15,	91,	0.999572
15,	92,	0.99701
15,	93,	0.998715
15,	94,	0.998228
15,	95,	1.00006
15,	96,	1.00023
15,	97,	1.0004
15,	98,	1.00066
15,	99,	0.999863
15,	100,	0.997433
16,	0,	1.00197
16,	1,	1.00193
16,	2,	1.00005
16,	3,	1.00002
16,	4,	0.996172
16,	5,	0.99671
16,	6,	0.996574
16,	7,	1.0016
16,	8,	1.00319
16,	9,	1.00303
16,	10,	1.00302
16,	11,	1.00186
16,	12,	1.00359
16,	13,	1.00164
16,	14,	1.00231
16,	15,	0.999552
16,	16,	0.999167
16,	17,	0.997663
16,	18,	1.00152
16,	19,	1.00053
16,	20,	1.00274
16,	21,	1.00088
16,	22,	0.999471
16,	23,	0.999559
16,	24,	1.00171
16,	25,	0.999898
16,	26,	1.00006
16,	27,	0.998797
16,	28,	0.99795
16,	29,	1.0012
16,	30,	0.99791
16,	31,	1.0012
16,	32,	0.99795
16,	33,	0.998797
16,	34,	1.00006
16,	35,	0.999898
16,	36,	1.00171
16,	37,	0.999559
16,	38,	0.999471
16,	39,	1.00088
16,	40,	1.00274
16,	41,	1.00053
16,	42,	1.00152
16,	43,	0.997663
16,	44,	0.999167
16,	45,	0.999552
16,	46,	1.00231
16,	47,	1.00164
16,	48,	1.00359
16,	49,	1.00186
16,	50,	1.00302
16,	51,	1.00303
16,	52,	1.00319
16,	53,	1.0016
16,	54,	0.996574
16,	55,	0.99671
16,	56,	0.996172
16,	57,	1.00002
16,	58,	1.00005
16,	59,	1.00193
16,	60,	1.00197
16,	61,	1.00101
16,	62,	1.00339
16,	63,	1.00093
16,	64,	1.00422
16,	65,	0.999024
16,	66,	1.00213
16,	67,	0.998291
16,	68,	1.00092
16,	69,	0.999891
16,	70,	0.998388
16,	71,	1.00014
16,	72,	0.996064
16,	73,	1.0007
16,	74,	0.998769
16,	75,	1.00219
16,	76,	1.00177
16,	77,	1.00147
16,	78,	0.999728
16,	79,	0.997015
16,	80,	0.993795
16,	81,	0.993795
16,	82,	0.997015
16,	83,	0.999728
16,	84,	1.00147
16,	85,	1.00177
16,	86,	1.00219
16,	87,	0.998769
16,	88,	1.0007
16,	89,	0.996064
16,	90,	1.00014
16,	91,	0.998388
16,	92,	0.999891
16,	93,	1.00092
16,	94,	0.998291
16,	95,	1.00213
16,	96,	0.999024
16,	97,	1.00422
16,	98,	1.00093
16,	99,	1.00339
16,	100,	1.00101
17,	0,	0.996463
17,	1,	0.999323
17,	2,	0.995595
17,	3,	1.00045
17,	4,	0.997635
17,	5,	0.997642
17,	6,	0.999502
17,	7,	0.999048
17,	8,	1.0003
17,	9,	0.999234
17,	10,	0.997917
17,	11,	1.00131
17,	12,	0.998812
17,	13,	0.999014
17,	14,	0.996856
17,	15,	1.00124
17,	16,	0.997663
17,	17,	1.00174
17,	18,	0.9997
17,	19,	1.00039
17,	20,	1.00022
17,	21,	1.0004
17,	22,	0.9991
17,	23,	1.00161
17,	24,	1.00251
17,	25,	1.00066
17,	26,	0.999585
17,	27,	0.999119
17,	28,	0.997405
17,	29,	0.997463
17,	30,	0.994543
17,	31,	0.997463
17,	32,	0.997405
17,	33,	0.999119
17,	34,	0.999585
17,	35,	1.00066
17,	36,	1.00251
17,	37,	1.00161
17,	38,	0.9991
17,	39,	1.0004
17,	40,	1.00022
17,	41,	1.00039
17,	42,	0.9997
17,	43,	1.00174
17,	44,	0.997663
17,	45,	1.00124
17,	46,	0.996856
17,	47,	0.999014
17,	48,	0.998812
17,	49,	1.00131
17,	50,	0.997917
17,	51,	0.999234
17,	52,	1.0003
17,	53,	0.999048
17,	54,	0.999502
17,	55,	0.997642
17,	56,	0.997635
17,	57,	1.00045
17,	58,	0.995595
17,	59,	0.999323
17,	60,	0.996463
17,	61,	0.999771
17,	62,	0.99954
17,	63,	1.00145
17,	64,	1.00106
17,	65,	0.998968
17,	66,	1.0011
17,	67,	0.997424
17,	68,	0.997971
17,	69,	0.997114
17,	70,	0.996992
17,	71,	1.00048
17,	72,	0.99797
17,	73,	1.0011
17,	74,	0.999743
17,	75,	1.00571
17,	76,	1.00368
17,	77,	1.00339
17,	78,	1.00136
17,	79,	0.997647
17,	80,	0.997155
17,	81,	0.997155
17,	82,	0.997647
17,	83,	1.00136
17,	84,	1.00339
17,	85,	1.00368
17,	86,	1.00571
17,	87,	0.999743
17,	88,	1.0011
17,	89,	0.99797
17,	90,	1.00048
17,	91,	0.996992
17,	92,	0.997114
17,	93,	0.997971
17,	94,	0.997424
17,	95,	1.0011
17,	96,	0.998968
17,	97,	1.00106
17,	98,	1.00145
17,	99,	0.99954
17,	100,	0.999771
18,	0,	1.0006
18,	1,	1.00169
18,	2,	0.997132
18,	3,	0.999897
18,	4,	0.995979
18,	5,	0.998267
18,	6,	0.997716
18,	7,	1.00163
18,	8,	1.00202
18,	9,	1.00052
18,	10,	1.00012
18,	11,	0.999842
18,	12,	1.00074
18,	13,	0.999795
18,	14,	1.00165
18,	15,	1.00173
18,	16,	1.00152
18,	17,	0.9997
18,	18,	1.00185
18,	19,	1.00022
18,	20,	1.00126
18,	21,	1.00098
18,	22,	0.997186
18,	23,	1.00005
18,	24,	1.00019
18,	25,	1.00016
18,	26,	1.00001
18,	27,	0.999735
18,	28,	1.00027
18,	29,	0.999554
18,	30,	0.999531
18,	31,	0.999554
18,	32,	1.00027
18,	33,	0.999735
18,	34,	1.00001
18,	35,	1.00016
18,	36,	1.00019
18,	37,	1.00005
18,	38,	0.997186
18,	39,	1.00098
18,	40,	1.00126
18,	41,	1.00022
18,	42,	1.00185
18,	43,	0.9997
18,	44,	1.00152
18,	45,	1.00173
18,	46,	1.00165
18,	47,	0.999795
18,	48,	1.00074
18,	49,	0.999842
18,	50,	1.00012
18,	51,	1.00052
18,	52,	1.00202
18,	53,	1.00163
18,	54,	0.997716
18,	55,	0.998267
18,	56,	0.995979
18,	57,	0.999897
18,	58,	0.997132
18,	59,	1.00169
18,	60,	1.0006
18,	61,	1.00135
18,	62,	1.00122
18,	63,	1.00032
18,	64,	1.00111
18,	65,	0.99754
18,	66,	1.00128
18,	67,	0.998592
18,	68,	1.00268
18,	69,	1.00039
18,	70,	1.0002
18,	71,	0.999934
18,	72,	0.997399
18,	73,	0.999052
18,	74,	0.998998
18,	75,	1.00161
18,	76,	1.00124
18,	77,	1.00259
18,	78,	1.0005
18,	79,	0.999774
18,	80,	0.996516
18,	81,	0.996516
18,	82,	0.999774
18,	83,	1.0005
18,	84,	1.00259
18,	85,	1.00124
18,	86,	1.00161
18,	87,	0.998998
18,	88,	0.999052
18,	89,	0.997399
18,	90,	0.999934
18,	91,	1.0002
18,	92,	1.00039
18,	93,	1.00268
18,	94,	0.998592
18,	95,	1.00128
18,	96,	0.99754
18,	97,	1.00111
18,	98,	1.00032
18,	99,	1.00122
18,	100,	1.00135
19,	0,	0.999655
19,	1,	0.998421
19,	2,	0.999368
19,	3,	0.998425
19,	4,	1.00186
19,	5,	0.997048
19,	6,	1.00229
19,	7,	0.998449
19,	8,	1.0024
19,	9,	0.999211
19,	10,	1.00159
19,	11,	1.00225
19,	12,	1.00368
19,	13,	1.00051
19,	14,	1.00171
19,	15,	1.00105
19,	16,	1.00053
19,	17,	1.00039
19,	18,	1.00022
19,	19,	0.99867
19,	20,	0.999592
19,	21,	0.999622
19,	22,	0.999825
19,	23,	1.00349
19,	24,	1.00351
19,	25,	1.00352
19,	26,	0.999251
19,	27,	1.00001
19,	28,	0.997093
19,	29,	0.998359
19,	30,	0.996203
19,	31,	0.998359
19,	32,	0.997093
19,	33,	1.00001
19,	34,	0.999251
19,	35,	1.00352
19,	36,	1.00351
19,	37,	1.00349
19,	38,	0.999825
19,	39,	0.999622
19,	40,	0.999592
19,	41,	0.99867
19,	42,	1.00022
19,	43,	1.00039
19,	44,	1.00053
19,	45,	1.00105
19,	46,	1.00171
19,	47,	1.00051
19,	48,	1.00368
19,	49,	1.00225
19,	50,	1.00159
19,	51,	0.999211
19,	52,	1.0024
19,	53,	0.998449
19,	54,	1.00229
19,	55,	0.997048
19,	56,	1.00186
19,	57,	0.998425
19,	58,	0.999368
19,	59,	0.998421
19,	60,	0.999655
19,	61,	1.00156
19,	62,	1.00133
19,	63,	1.00262
19,	64,	1.00077
19,	65,	0.998762
19,	66,	1.00087
19,	67,	0.999211
19,	68,	1.00117
19,	69,	1.00116
19,	70,	1.00054
19,	71,	1.00116
19,	72,	0.998598
19,	73,	0.99792
19,	74,	0.998879
19,	75,	1.00108
19,	76,	1.00116
19,	77,	1.00054
19,	78,	0.998048
19,	79,	0.995931
19,	80,	0.994263
19,	81,	0.994263
19,	82,	0.995931
19,	83,	0.998048
19,	84,	1.00054
19,	85,	1.00116
19,	86,	1.00108
19,	87,	0.998879
19,	88,	0.99792
19,	89,	0.998598
19,	90,	1.00116
19,	91,	1.00054
19,	92,	1.00116
19,	93,	1.00117
19,	94,	0.999211
19,	95,	1.00087
19,	96,	0.998762
19,	97,	1.00077
19,	98,	1.00262
19,	99,	1.00133
19,	100,	1.00156
20,	0,	1.00085
20,	1,	0.999769
20,	2,	0.997161
20,	3,	0.998016
20,	4,	0.997777
20,	5,	0.999444
20,	6,	0.999094
20,	7,	1.00086
20,	8,	0.998564
20,	9,	0.99942
20,	10,	0.99674
20,	11,	1.00123
20,	12,	0.997681
20,	13,	1.00025
20,	14,	1.00039
20,	15,	1.0024
20,	16,	1.00274
20,	17,	1.00022
20,	18,	1.00126
20,	19,	0.999592
20,	20,	1.00099
20,	21,	1.00096
20,	22,	0.998732
20,	23,	0.999238
20,	24,	0.999626
20,	25,	0.999749
20,	26,	0.999083
20,	27,	1.00113
20,	28,	1.0005
20,	29,	0.999909
20,	30,	0.999489
20,	31,	0.999909
20,	32,	1.0005
20,	33,	1.00113
20,	34,	0.999083
20,	35,	0.999749
20,	36,	0.999626
20,	37,	0.999238
20,	38,	0.998732
20,	39,	1.00096
20,	40,	1.00099
20,	41,	0.999592
20,	42,	1.00126
20,	43,	1.00022
20,	44,	1.00274
20,	45,	1.0024
20,	46,	1.00039
20,	47,	1.00025
20,	48,	0.997681
20,	49,	1.00123
20,	50,	0.99674
20,	51,	0.99942
20,	52,	0.998564
20,	53,	1.00086
20,	54,	0.999094
20,	55,	0.999444
20,	56,	0.997777
20,	57,	0.998016
20,	58,	0.997161
20,	59,	0.999769
20,	60,	1.00085
20,	61,	1.00065
20,	62,	0.999879
20,	63,	1.00031
20,	64,	0.998386
20,	65,	0.997091
20,	66,	0.997977
20,	67,	0.997587
20,	68,	1.00163
20,	69,	1.00175
20,	70,	1.00274
20,	71,	1.00164
20,	72,	0.999953
20,	73,	0.998144
20,	74,	0.998908
20,	75,	0.999635
20,	76,	1.00032
20,	77,	1.00271
20,	78,	1.00165
20,	79,	1.00276
20,	80,	0.999718
20,	81,	0.999718
20,	82,	1.00276
20,	83,	1.00165
20,	84,	1.00271
20,	85,	1.00032
20,	86,	0.999635
20,	87,	0.998908
20,	88,	0.998144
20,	89,	0.999953
20,	90,	1.00164
20,	91,	1.00274
20,	92,	1.00175
20,	93,	1.00163
20,	94,	0.997587
20,	95,	0.997977
20,	96,	0.997091
20,	97,	0.998386
20,	98,	1.00031
20,	99,	0.999879
20,	100,	1.00065
21,	0,	1.00266
21,	1,	0.999111
21,	2,	1.00413
21,	3,	0.999145
21,	4,	1.00569
21,	5,	0.99858
21,	6,	1.0017
21,	7,	0.997234
21,	8,	0.998929
21,	9,	0.999229
21,	10,	1.00045
21,	11,	1.0037
21,	12,	1.0023
21,	13,	1.00364
21,	14,	1.0015
21,	15,	1.00156
21,	16,	1.00088
21,	17,	1.0004
21,	18,	1.00098
21,	19,	0.999622
21,	20,	1.00096
21,	21,	1.00041
21,	22,	1.00241
21,	23,	1.00263
21,	24,	1.00367
21,	25,	1.00226
21,	26,	1.00048
21,	27,	0.998188
21,	28,	0.99962
21,	29,	0.997572
21,	30,	1.00097
21,	31,	0.997572
21,	32,	0.99962
21,	33,	0.998188
21,	34,	1.00048
21,	35,	1.00226
21,	36,	1.00367
21,	37,	1.00263
21,	38,	1.00241
21,	39,	1.00041
21,	40,	1.00096
21,	41,	0.999622
21,	42,	1.00098
21,	43,	1.0004
21,	44,	1.00088
21,	45,	1.00156
21,	46,	1.0015
21,	47,	1.00364
21,	48,	1.0023
21,	49,	1.0037
21,	50,	1.00045
21,	51,	0.999229
21,	52,	0.998929
21,	53,	0.997234
21,	54,	1.0017
21,	55,	0.99858
21,	56,	1.00569
21,	57,	0.999145
21,	58,	1.00413
21,	59,	0.999111
21,	60,	1.00266
21,	61,	1.00057
21,	62,	1.00278
21,	63,	1.00064
21,	64,	1.00199
21,	65,	0.997953
21,	66,	0.999816
21,	67,	0.999056
21,	68,	1.00047
21,	69,	1.00317
21,	70,	0.999443
21,	71,	1.00169
21,	72,	0.996915
21,	73,	0.998184
21,	74,	0.998093
21,	75,	0.997328
21,	76,	0.999182
21,	77,	0.998168
21,	78,	0.998222
21,	79,	0.997985
21,	80,	0.996205
21,	81,	0.996205
21,	82,	0.997985
21,	83,	0.998222
21,	84,	0.998168
21,	85,	0.999182
21,	86,	0.997328
21,	87,	0.998093
21,	88,	0.998184
21,	89,	0.996915
21,	90,	1.00169
21,	91,	0.999443
21,	92,	1.00317
21,	93,	1.00047
21,	94,	0.999056
21,	95,	0.999816
21,	96,	0.997953
21,	97,	1.00199
21,	98,	1.00064
21,	99,	1.00278
21,	100,	1.00057
22,	0,	0.998727
22,	1,	0.998701
22,	2,	0.995799
22,	3,	0.998
22,	4,	0.996344
22,	5,	1.0001
22,	6,	0.997179
22,	7,	0.999191
22,	8,	0.994872
22,	9,	0.999013
22,	10,	0.995697
22,	11,	1.0026
22,	12,	0.996394
22,	13,	0.999459
22,	14,	0.997434
22,	15,	0.999417
22,	16,	0.999471
22,	17,	0.9991
22,	18,	0.997186
22,	19,	0.999825
22,	20,	0.998732
22,	21,	1.00241
22,	22,	1.00025
22,	23,	0.999932
22,	24,	0.999344
22,	25,	1.00001
22,	26,	0.998095
22,	27,	1.00058
22,	28,	0.998851
22,	29,	0.997684
22,	30,	0.997532
22,	31,	0.997684
22,	32,	0.998851
22,	33,	1.00058
22,	34,	0.998095
22,	35,	1.00001
22,	36,	0.999344
22,	37,	0.999932
22,	38,	1.00025
22,	39,	1.00241
22,	40,	0.998732
22,	41,	0.999825
22,	42,	0.997186
22,	43,	0.9991
22,	44,	0.999471
22,	45,	0.999417
22,	46,	0.997434
22,	47,	0.999459
22,	48,	0.996394
22,	49,	1.0026
22,	50,	0.995697
22,	51,	0.999013
22,	52,	0.994872
22,	53,	0.999191
22,	54,	0.997179
22,	55,	1.0001
22,	56,	0.996344
22,	57,	0.998
22,	58,	0.995799
22,	59,	0.998701
22,	60,	0.998727
22,	61,	0.999299
22,	62,	0.998846
22,	63,	1.00174
22,	64,	0.999847
22,	65,	1.00158
22,	66,	0.998508
22,	67,	1.00024
22,	68,	0.998988
22,	69,	1.00373
22,	70,	0.999667
22,	71,	1.00296
22,	72,	0.998488
22,	73,	0.999878
22,	74,	1.00056
22,	75,	1.00108
22,	76,	1.0037
22,	77,	1.00272
22,	78,	1.00278
22,	79,	1.00111
22,	80,	0.99818
22,	81,	0.99818
22,	82,	1.00111
22,	83,	1.00278
22,	84,	1.00272
22,	85,	1.0037
22,	86,	1.00108
22,	87,	1.00056
22,	88,	0.999878
22,	89,	0.998488
22,	90,	1.00296
22,	91,	0.999667
22,	92,	1.00373
22,	93,	0.998988
22,	94,	1.00024
22,	95,	0.998508
22,	96,	1.00158
22,	97,	0.999847
22,	98,	1.00174
22,	99,	0.998846
22,	100,	0.999299
23,	0,	0.998555
23,	1,	1.00178
23,	2,	1.00082
23,	3,	1.00196
23,	4,	1.00255
23,	5,	1.00236
23,	6,	1.00031
23,	7,	0.999009
23,	8,	0.999092
23,	9,	0.999031
23,	10,	1.00132
23,	11,	0.99935
23,	12,	0.999716
23,	13,	0.999925
23,	14,	0.998897
23,	15,	0.999376
23,	16,	0.999559
23,	17,	1.00161
23,	18,	1.00005
23,	19,	1.00349
23,	20,	0.999238
23,	21,	1.00263
23,	22,	0.999932
23,	23,	1.0007
23,	24,	1.00008
23,	25,	0.999179
23,	26,	1.00102
23,	27,	0.996239
23,	28,	1.00259
23,	29,	0.996936
23,	30,	1.00567
23,	31,	0.996936
23,	32,	1.00259
23,	33,	0.996239
23,	34,	1.00102
23,	35,	0.999179
23,	36,	1.00008
23,	37,	1.0007
23,	38,	0.999932
23,	39,	1.00263
23,	40,	0.999238
23,	41,	1.00349
23,	42,	1.00005
23,	43,	1.00161
23,	44,	0.999559
23,	45,	0.999376
23,	46,	0.998897
23,	47,	0.999925
23,	48,	0.999716
23,	49,	0.99935
