0,	0,	0.997812
0,	1,	0.994557
0,	2,	0.998893
0,	3,	0.998045
0,	4,	0.999296
0,	5,	1.00085
0,	6,	0.99864
0,	7,	0.999481
0,	8,	1.00242
0,	9,	0.995934
0,	10,	1.00393
0,	11,	0.999495
0,	12,	1.00075
0,	13,	1.00243
0,	14,	0.997201
0,	15,	1.00109
0,	16,	0.995763
0,	17,	1.00055
0,	18,	0.996185
0,	19,	0.999529
0,	20,	0.998571
0,	21,	1.00221
0,	22,	0.999832
0,	23,	0.999712
0,	24,	0.997245
0,	25,	0.999904
0,	26,	0.999476
0,	27,	0.998714
0,	28,	0.998943
0,	29,	1.00221
0,	30,	0.999483
0,	31,	1.00221
0,	32,	0.998943
0,	33,	0.998714
0,	34,	0.999476
0,	35,	0.999904
0,	36,	0.997245
0,	37,	0.999712
0,	38,	0.999832
0,	39,	1.00221
0,	40,	0.998571
0,	41,	0.999529
0,	42,	0.996185
0,	43,	1.00055
0,	44,	0.995763
0,	45,	1.00109
0,	46,	0.997201
0,	47,	1.00243
0,	48,	1.00075
0,	49,	0.999495
0,	50,	1.00393
0,	51,	0.995934
0,	52,	1.00242
0,	53,	0.999481
0,	54,	0.99864
0,	55,	1.00085
0,	56,	0.999296
0,	57,	0.998045
0,	58,	0.998893
0,	59,	0.994557
0,	60,	0.997812
0,	61,	0.999731
0,	62,	0.999953
0,	63,	1.00428
0,	64,	0.999956
0,	65,	1.00101
0,	66,	1.00411
0,	67,	1.00447
0,	68,	1.00136
0,	69,	0.999534
0,	70,	0.996831
0,	71,	0.998446
0,	72,	1.00198
0,	73,	1.00137
0,	74,	1.00077
0,	75,	0.999706
0,	76,	0.998984
0,	77,	0.997911
0,	78,	1.00148
0,	79,	0.99874
0,	80,	0.998361
0,	81,	0.998361
0,	82,	0.99874
0,	83,	1.00148
0,	84,	0.997911
0,	85,	0.998984
0,	86,	0.999706
0,	87,	1.00077
0,	88,	1.00137
0,	89,	1.00198
0,	90,	0.998446
0,	91,	0.996831
0,	92,	0.999534
0,	93,	1.00136
0,	94,	1.00447
0,	95,	1.00411
0,	96,	1.00101
0,	97,	0.999956
0,	98,	1.00428
0,	99,	0.999953
0,	100,	0.999731
1,	0,	0.994557
1,	1,	0.998498
1,	2,	0.996713
1,	3,	0.996668
1,	4,	1.00172
1,	5,	0.995858
1,	6,	1.00193
1,	7,	0.997336
1,	8,	1.00345
1,	9,	0.998948
1,	10,	1.00252
1,	11,	1.00049
1,	12,	0.999909
1,	13,	1.00021
1,	14,	0.997412
1,	15,	0.998561
1,	16,	0.996046
1,	17,	1.0009
1,	18,	0.997249
1,	19,	0.999235
1,	20,	0.998791
1,	21,	0.998695
1,	22,	1.00111
1,	23,	1.00073
1,	24,	1.00057
1,	25,	1.0039
1,	26,	1.00068
1,	27,	0.999846
1,	28,	0.996219
1,	29,	0.995059
1,	30,	0.993933
1,	31,	0.995059
1,	32,	0.996219
1,	33,	0.999846
1,	34,	1.00068
1,	35,	1.0039
1,	36,	1.00057
1,	37,	1.00073
1,	38,	1.00111
1,	39,	0.998695
1,	40,	0.998791
1,	41,	0.999235
1,	42,	0.997249
1,	43,	1.0009
1,	44,	0.996046
1,	45,	0.998561
1,	46,	0.997412
1,	47,	1.00021
1,	48,	0.999909
1,	49,	1.00049
1,	50,	1.00252
1,	51,	0.998948
1,	52,	1.00345
1,	53,	0.997336
1,	54,	1.00193
1,	55,	0.995858
1,	56,	1.00172
1,	57,	0.996668
1,	58,	0.996713
1,	59,	0.998498
1,	60,	0.994557
1,	61,	1.00142
1,	62,	0.99619
1,	63,	1.00492
1,	64,	0.997965
1,	65,	1.00267
1,	66,	1.00011
1,	67,	1.00469
1,	68,	1.00196
1,	69,	1.00388
1,	70,	1.00161
1,	71,	1.0012
1,	72,	1.00091
1,	73,	1.0002
1,	74,	1.00175
1,	75,	1.00064
1,	76,	0.998517
1,	77,	0.996297
1,	78,	0.997218
1,	79,	1.00018
1,	80,	1.00122
1,	81,	1.00122
1,	82,	1.00018
1,	83,	0.997218
1,	84,	0.996297
1,	85,	0.998517
1,	86,	1.00064
1,	87,	1.00175
1,	88,	1.0002
1,	89,	1.00091
1,	90,	1.0012
1,	91,	1.00161
1,	92,	1.00388
1,	93,	1.00196
1,	94,	1.00469
1,	95,	1.00011
1,	96,	1.00267
1,	97,	0.997965
1,	98,	1.00492
1,	99,	0.99619
1,	100,	1.00142
2,	0,	0.998893
2,	1,	0.996713
2,	2,	1.0034
2,	3,	1.00009
2,	4,	1.00303
2,	5,	0.999702
2,	6,	1.0004
2,	7,	1.00002
2,	8,	1.00475
2,	9,	1.00012
2,	10,	1.0046
2,	11,	1.00212
2,	12,	1.00217
2,	13,	1.00299
2,	14,	1.00098
2,	15,	1.00025
2,	16,	1.00075
2,	17,	1.00004
2,	18,	0.997664
2,	19,	0.998449
2,	20,	0.998132
2,	21,	1.0015
2,	22,	1.00171
2,	23,	1.00159
2,	24,	1.0027
2,	25,	1.00267
2,	26,	1.00386
2,	27,	1.00015
2,	28,	0.996932
2,	29,	1.00096
2,	30,	0.994349
2,	31,	1.00096
2,	32,	0.996932
2,	33,	1.00015
2,	34,	1.00386
2,	35,	1.00267
2,	36,	1.0027
2,	37,	1.00159
2,	38,	1.00171
2,	39,	1.0015
2,	40,	0.998132
2,	41,	0.998449
2,	42,	0.997664
2,	43,	1.00004
2,	44,	1.00075
2,	45,	1.00025
2,	46,	1.00098
2,	47,	1.00299
2,	48,	1.00217
2,	49,	1.00212
2,	50,	1.0046
2,	51,	1.00012
2,	52,	1.00475
2,	53,	1.00002
2,	54,	1.0004
2,	55,	0.999702
2,	56,	1.00303
2,	57,	1.00009
2,	58,	1.0034
2,	59,	0.996713
2,	60,	0.998893
2,	61,	0.999149
2,	62,	1.00151
2,	63,	1.00253
2,	64,	1.00304
2,	65,	0.997183
2,	66,	1.00318
2,	67,	0.997715
2,	68,	0.999794
2,	69,	0.995523
2,	70,	0.997478
2,	71,	0.996469
2,	72,	1.00167
2,	73,	0.998618
2,	74,	1.00095
2,	75,	0.998292
2,	76,	1.00134
2,	77,	0.998379
2,	78,	1.0036
2,	79,	0.998361
2,	80,	0.999232
2,	81,	0.999232
2,	82,	0.998361
2,	83,	1.0036
2,	84,	0.998379
2,	85,	1.00134
2,	86,	0.998292
2,	87,	1.00095
2,	88,	0.998618
2,	89,	1.00167
2,	90,	0.996469
2,	91,	0.997478
2,	92,	0.995523
2,	93,	0.999794
2,	94,	0.997715
2,	95,	1.00318
2,	96,	0.997183
2,	97,	1.00304
2,	98,	1.00253
2,	99,	1.00151
2,	100,	0.999149
3,	0,	0.998045
3,	1,	0.996668
3,	2,	1.00009
3,	3,	0.996997
3,	4,	1.00238
3,	5,	0.996695
3,	6,	1.00123
3,	7,	0.998693
3,	8,	1.00193
3,	9,	1.00095
3,	10,	1.00048
3,	11,	1.00001
3,	12,	0.999599
3,	13,	1.0005
3,	14,	1.001
3,	15,	1.0014
3,	16,	1.00131
3,	17,	1.00192
3,	18,	0.99999
3,	19,	0.999408
3,	20,	0.998397
3,	21,	0.997301
3,	22,	0.999704
3,	23,	0.999121
3,	24,	1.00136
3,	25,	1.00302
3,	26,	1.00066
3,	27,	1.00176
3,	28,	0.997061
3,	29,	0.997814
3,	30,	0.99511
3,	31,	0.997814
3,	32,	0.997061
3,	33,	1.00176
3,	34,	1.00066
3,	35,	1.00302
3,	36,	1.00136
3,	37,	0.999121
3,	38,	0.999704
3,	39,	0.997301
3,	40,	0.998397
3,	41,	0.999408
3,	42,	0.99999
3,	43,	1.00192
3,	44,	1.00131
3,	45,	1.0014
3,	46,	1.001
3,	47,	1.0005
3,	48,	0.999599
3,	49,	1.00001
3,	50,	1.00048
3,	51,	1.00095
3,	52,	1.00193
3,	53,	0.998693
3,	54,	1.00123
3,	55,	0.996695
3,	56,	1.00238
3,	57,	0.996997
3,	58,	1.00009
3,	59,	0.996668
3,	60,	0.998045
3,	61,	1.00048
3,	62,	1.00066
3,	63,	1.00326
3,	64,	1.00078
3,	65,	1.00008
3,	66,	0.999328
3,	67,	0.998429
3,	68,	1.00109
3,	69,	1.00126
3,	70,	1.00223
3,	71,	1.0013
3,	72,	0.999543
3,	73,	0.999425
3,	74,	0.999618
3,	75,	1.00024
3,	76,	0.999687
3,	77,	0.999645
3,	78,	0.998746
3,	79,	1.00156
3,	80,	1.00194
3,	81,	1.00194
3,	82,	1.00156
3,	83,	0.998746
3,	84,	0.999645
3,	85,	0.999687
3,	86,	1.00024
3,	87,	0.999618
3,	88,	0.999425
3,	89,	0.999543
3,	90,	1.0013
3,	91,	1.00223
3,	92,	1.00126
3,	93,	1.00109
3,	94,	0.998429
3,	95,	0.999328
3,	96,	1.00008
3,	97,	1.00078
3,	98,	1.00326
3,	99,	1.00066
3,	100,	1.00048
4,	0,	0.999296
4,	1,	1.00172
4,	2,	1.00303
4,	3,	1.00238
4,	4,	0.999115
4,	5,	0.998786
4,	6,	0.99736
4,	7,	0.999399
4,	8,	1.00133
4,	9,	0.999389
4,	10,	1.00019
4,	11,	0.999172
4,	12,	0.99922
4,	13,	1.00039
4,	14,	1.00087
4,	15,	0.99989
4,	16,	1.00133
4,	17,	0.998966
4,	18,	0.997567
4,	19,	0.997478
4,	20,	0.997617
4,	21,	1.00059
4,	22,	1.00169
4,	23,	1.00058
4,	24,	1.00186
4,	25,	0.9996
4,	26,	1.0007
4,	27,	0.999622
4,	28,	0.996595
4,	29,	1.00298
4,	30,	0.995252
4,	31,	1.00298
4,	32,	0.996595
4,	33,	0.999622
4,	34,	1.0007
4,	35,	0.9996
4,	36,	1.00186
4,	37,	1.00058
4,	38,	1.00169
4,	39,	1.00059
4,	40,	0.997617
4,	41,	0.997478
4,	42,	0.997567
4,	43,	0.998966
4,	44,	1.00133
4,	45,	0.99989
4,	46,	1.00087
4,	47,	1.00039
4,	48,	0.99922
4,	49,	0.999172
4,	50,	1.00019
4,	51,	0.999389
4,	52,	1.00133
4,	53,	0.999399
4,	54,	0.99736
4,	55,	0.998786
4,	56,	0.999115
4,	57,	1.00238
4,	58,	1.00303
4,	59,	1.00172
4,	60,	0.999296
4,	61,	1.00137
4,	62,	1.00045
4,	63,	1.00276
4,	64,	1.0018
4,	65,	0.998822
4,	66,	1.00023
4,	67,	0.997457
4,	68,	0.998805
4,	69,	0.997882
4,	70,	0.999533
4,	71,	0.999269
4,	72,	1.00059
4,	73,	1.00013
4,	74,	0.997808
4,	75,	1.0008
4,	76,	0.999414
4,	77,	1.00142
4,	78,	1.00133
4,	79,	0.998152
4,	80,	0.997539
4,	81,	0.997539
4,	82,	0.998152
4,	83,	1.00133
4,	84,	1.00142
4,	85,	0.999414
4,	86,	1.0008
4,	87,	0.997808
4,	88,	1.00013
4,	89,	1.00059
4,	90,	0.999269
4,	91,	0.999533
4,	92,	0.997882
4,	93,	0.998805
4,	94,	0.997457
4,	95,	1.00023
4,	96,	0.998822
4,	97,	1.0018
4,	98,	1.00276
4,	99,	1.00045
4,	100,	1.00137
5,	0,	1.00085
5,	1,	0.995858
5,	2,	0.999702
5,	3,	0.996695
5,	4,	0.998786
5,	5,	0.998155
5,	6,	0.999428
5,	7,	0.998514
5,	8,	0.999123
5,	9,	0.998086
5,	10,	0.99904
5,	11,	0.997654
5,	12,	1.00105
5,	13,	1.00022
5,	14,	1.00376
5,	15,	1.00364
5,	16,	1.0035
5,	17,	1.00197
5,	18,	1.00127
5,	19,	0.998916
5,	20,	0.998056
5,	21,	0.997094
5,	22,	0.997801
5,	23,	0.998571
5,	24,	0.999679
5,	25,	1.00209
5,	26,	0.999643
5,	27,	1.00306
5,	28,	1.00038
5,	29,	1.00002
5,	30,	0.999468
5,	31,	1.00002
5,	32,	1.00038
5,	33,	1.00306
5,	34,	0.999643
5,	35,	1.00209
5,	36,	0.999679
5,	37,	0.998571
5,	38,	0.997801
5,	39,	0.997094
5,	40,	0.998056
5,	41,	0.998916
5,	42,	1.00127
5,	43,	1.00197
5,	44,	1.0035
5,	45,	1.00364
5,	46,	1.00376
5,	47,	1.00022
5,	48,	1.00105
5,	49,	0.997654
5,	50,	0.99904
5,	51,	0.998086
5,	52,	0.999123
5,	53,	0.998514
5,	54,	0.999428
5,	55,	0.998155
5,	56,	0.998786
5,	57,	0.996695
5,	58,	0.999702
5,	59,	0.995858
5,	60,	1.00085
5,	61,	1.00033
5,	62,	1.00092
5,	63,	1.00162
5,	64,	0.998785
5,	65,	1.00178
5,	66,	0.998386
5,	67,	0.997614
5,	68,	1.00072
5,	69,	0.999596
5,	70,	1.00295
5,	71,	1.00081
5,	72,	0.999854
5,	73,	1.0001
5,	74,	0.99822
5,	75,	1.00104
5,	76,	1.00026
5,	77,	1.00271
5,	78,	0.999287
5,	79,	1.00173
5,	80,	1.00081
5,	81,	1.00081
5,	82,	1.00173
5,	83,	0.999287
5,	84,	1.00271
5,	85,	1.00026
5,	86,	1.00104
5,	87,	0.99822
5,	88,	1.0001
5,	89,	0.999854
5,	90,	1.00081
5,	91,	1.00295
5,	92,	0.999596
5,	93,	1.00072
5,	94,	0.997614
5,	95,	0.998386
5,	96,	1.00178
5,	97,	0.998785
5,	98,	1.00162
5,	99,	1.00092
5,	100,	1.00033
6,	0,	0.99864
6,	1,	1.00193
6,	2,	1.0004
6,	3,	1.00123
6,	4,	0.99736
6,	5,	0.999428
6,	6,	0.998045
6,	7,	1.00018
6,	8,	1.00154
6,	9,	0.999979
6,	10,	1.00394
6,	11,	0.998212
6,	12,	1.00206
6,	13,	0.997423
6,	14,	1.00086
6,	15,	0.999968
6,	16,	0.99902
6,	17,	0.99834
6,	18,	0.998236
6,	19,	0.998492
6,	20,	1.00115
6,	21,	1.00144
6,	22,	1.00365
6,	23,	1.00037
6,	24,	1.00084
6,	25,	0.998289
6,	26,	0.997343
6,	27,	0.999108
6,	28,	0.998362
6,	29,	1.00249
6,	30,	0.999166
6,	31,	1.00249
6,	32,	0.998362
6,	33,	0.999108
6,	34,	0.997343
6,	35,	0.998289
6,	36,	1.00084
6,	37,	1.00037
6,	38,	1.00365
6,	39,	1.00144
6,	40,	1.00115
6,	41,	0.998492
6,	42,	0.998236
6,	43,	0.99834
6,	44,	0.99902
6,	45,	0.999968
6,	46,	1.00086
6,	47,	0.997423
6,	48,	1.00206
6,	49,	0.998212
6,	50,	1.00394
6,	51,	0.999979
6,	52,	1.00154
6,	53,	1.00018
6,	54,	0.998045
6,	55,	0.999428
6,	56,	0.99736
6,	57,	1.00123
6,	58,	1.0004
6,	59,	1.00193
6,	60,	0.99864
6,	61,	1.00454
6,	62,	0.998556
6,	63,	1.00486
6,	64,	0.998078
6,	65,	1.00026
6,	66,	0.999991
6,	67,	0.999097
6,	68,	1.00215
6,	69,	0.999483
6,	70,	1.00115
6,	71,	0.99745
6,	72,	1.00007
6,	73,	0.998834
6,	74,	0.998498
6,	75,	0.999969
6,	76,	0.998511
6,	77,	1.00002
6,	78,	0.999474
6,	79,	0.999392
6,	80,	0.999009
6,	81,	0.999009
6,	82,	0.999392
6,	83,	0.999474
6,	84,	1.00002
6,	85,	0.998511
6,	86,	0.999969
6,	87,	0.998498
6,	88,	0.998834
6,	89,	1.00007
6,	90,	0.99745
6,	91,	1.00115
6,	92,	0.999483
6,	93,	1.00215
6,	94,	0.999097
6,	95,	0.999991
6,	96,	1.00026
6,	97,	0.998078
6,	98,	1.00486
6,	99,	0.998556
6,	100,	1.00454
7,	0,	0.999481
7,	1,	0.997336
7,	2,	1.00002
7,	3,	0.998693
7,	4,	0.999399
7,	5,	0.998514
7,	6,	1.00018
7,	7,	0.998344
7,	8,	1.00102
7,	9,	0.99988
7,	10,	1.00357
7,	11,	0.998404
7,	12,	1.0025
7,	13,	0.997154
7,	14,	1.00247
7,	15,	1.00159
7,	16,	1.0013
7,	17,	1.00035
7,	18,	0.999563
7,	19,	0.998371
7,	20,	0.995895
7,	21,	0.998189
7,	22,	0.996293
7,	23,	1.00198
7,	24,	0.999798
7,	25,	1.00508
7,	26,	0.998565
7,	27,	1.00278
7,	28,	0.999029
7,	29,	0.9976
7,	30,	0.99757
7,	31,	0.9976
7,	32,	0.999029
7,	33,	1.00278
7,	34,	0.998565
7,	35,	1.00508
7,	36,	0.999798
7,	37,	1.00198
7,	38,	0.996293
7,	39,	0.998189
7,	40,	0.995895
7,	41,	0.998371
7,	42,	0.999563
7,	43,	1.00035
7,	44,	1.0013
7,	45,	1.00159
7,	46,	1.00247
7,	47,	0.997154
7,	48,	1.0025
7,	49,	0.998404
7,	50,	1.00357
7,	51,	0.99988
7,	52,	1.00102
7,	53,	0.998344
7,	54,	1.00018
7,	55,	0.998514
7,	56,	0.999399
7,	57,	0.998693
7,	58,	1.00002
7,	59,	0.997336
7,	60,	0.999481
7,	61,	1.00074
7,	62,	0.999718
7,	63,	1.00121
7,	64,	0.999508
7,	65,	1.00128
7,	66,	1.00129
7,	67,	0.997867
7,	68,	1.00211
7,	69,	0.999679
7,	70,	1.00083
7,	71,	0.9996
7,	72,	0.999168
7,	73,	0.999613
7,	74,	1.00061
7,	75,	0.998879
7,	76,	1.0034
7,	77,	0.999025
7,	78,	1.00132
7,	79,	0.999063
7,	80,	1.00033
7,	81,	1.00033
7,	82,	0.999063
7,	83,	1.00132
7,	84,	0.999025
7,	85,	1.0034
7,	86,	0.998879
7,	87,	1.00061
7,	88,	0.999613
7,	89,	0.999168
7,	90,	0.9996
7,	91,	1.00083
7,	92,	0.999679
7,	93,	1.00211
7,	94,	0.997867
7,	95,	1.00129
7,	96,	1.00128
7,	97,	0.999508
7,	98,	1.00121
7,	99,	0.999718
7,	100,	1.00074
8,	0,	1.00242
8,	1,	1.00345
8,	2,	1.00475
8,	3,	1.00193
8,	4,	1.00133
8,	5,	0.999123
8,	6,	1.00154
8,	7,	1.00102
8,	8,	1.0025
8,	9,	1.00083
8,	10,	1.00365
8,	11,	0.997294
8,	12,	1.0005
8,	13,	0.997541
8,	14,	1.0002
8,	15,	1.00341
8,	16,	0.995456
8,	17,	0.998615
8,	18,	0.995329
8,	19,	0.998014
8,	20,	1.00027
8,	21,	1.00096
8,	22,	1.00365
8,	23,	1.00143
8,	24,	1.00159
8,	25,	0.999692
8,	26,	0.996491
8,	27,	0.998293
8,	28,	0.997964
8,	29,	0.998261
8,	30,	0.997896
8,	31,	0.998261
8,	32,	0.997964
8,	33,	0.998293
8,	34,	0.996491
8,	35,	0.999692
8,	36,	1.00159
8,	37,	1.00143
8,	38,	1.00365
8,	39,	1.00096
8,	40,	1.00027
8,	41,	0.998014
8,	42,	0.995329
8,	43,	0.998615
8,	44,	0.995456
8,	45,	1.00341
8,	46,	1.0002
8,	47,	0.997541
8,	48,	1.0005
8,	49,	0.997294
8,	50,	1.00365
8,	51,	1.00083
8,	52,	1.0025
8,	53,	1.00102
8,	54,	1.00154
8,	55,	0.999123
8,	56,	1.00133
8,	57,	1.00193
8,	58,	1.00475
8,	59,	1.00345
8,	60,	1.00242
8,	61,	1.00475
8,	62,	1.00008
8,	63,	1.00355
8,	64,	0.996624
8,	65,	0.998675
8,	66,	0.99761
8,	67,	1.00104
8,	68,	1.00056
8,	69,	1.00338
8,	70,	0.999035
8,	71,	0.998095
8,	72,	1.00039
8,	73,	0.999411
8,	74,	1.00209
8,	75,	0.998932
8,	76,	0.998501
8,	77,	0.996168
8,	78,	0.997194
8,	79,	0.998961
8,	80,	0.999606
8,	81,	0.999606
8,	82,	0.998961
8,	83,	0.997194
8,	84,	0.996168
8,	85,	0.998501
8,	86,	0.998932
8,	87,	1.00209
8,	88,	0.999411
8,	89,	1.00039
8,	90,	0.998095
8,	91,	0.999035
8,	92,	1.00338
8,	93,	1.00056
8,	94,	1.00104
8,	95,	0.99761
8,	96,	0.998675
8,	97,	0.996624
8,	98,	1.00355
8,	99,	1.00008
8,	100,	1.00475
9,	0,	0.995934
9,	1,	0.998948
9,	2,	1.00012
9,	3,	1.00095
9,	4,	0.999389
9,	5,	0.998086
9,	6,	0.999979
9,	7,	0.99988
9,	8,	1.00083
9,	9,	1.0017
9,	10,	1.00249
9,	11,	0.999454
9,	12,	1.00208
9,	13,	0.996618
9,	14,	1.00353
9,	15,	0.998397
9,	16,	1.00178
9,	17,	0.996657
9,	18,	1.00067
9,	19,	0.997704
9,	20,	0.999376
9,	21,	1.00119
9,	22,	1.0011
9,	23,	1.00397
9,	24,	1.00235
9,	25,	1.00391
9,	26,	1.00022
9,	27,	1.00181
9,	28,	1.00014
9,	29,	0.999313
9,	30,	0.998171
9,	31,	0.999313
9,	32,	1.00014
9,	33,	1.00181
9,	34,	1.00022
9,	35,	1.00391
9,	36,	1.00235
9,	37,	1.00397
9,	38,	1.0011
9,	39,	1.00119
9,	40,	0.999376
9,	41,	0.997704
9,	42,	1.00067
9,	43,	0.996657
9,	44,	1.00178
9,	45,	0.998397
9,	46,	1.00353
9,	47,	0.996618
9,	48,	1.00208
9,	49,	0.999454
9,	50,	1.00249
9,	51,	1.0017
9,	52,	1.00083
9,	53,	0.99988
9,	54,	0.999979
9,	55,	0.998086
9,	56,	0.999389
9,	57,	1.00095
9,	58,	1.00012
9,	59,	0.998948
9,	60,	0.995934
9,	61,	0.996226
9,	62,	0.997263
9,	63,	0.997574
9,	64,	1.00081
9,	65,	0.998812
9,	66,	1.00187
9,	67,	0.999563
9,	68,	1.00114
9,	69,	1.00141
9,	70,	1.0002
9,	71,	0.999073
9,	72,	1.00099
9,	73,	0.999866
9,	74,	1.00239
9,	75,	1.00017
9,	76,	1.00294
9,	77,	0.998793
9,	78,	1.00125
9,	79,	0.998639
9,	80,	0.999383
9,	81,	0.999383
9,	82,	0.998639
9,	83,	1.00125
9,	84,	0.998793
9,	85,	1.00294
9,	86,	1.00017
9,	87,	1.00239
9,	88,	0.999866
9,	89,	1.00099
9,	90,	0.999073
9,	91,	1.0002
9,	92,	1.00141
9,	93,	1.00114
9,	94,	0.999563
9,	95,	1.00187
9,	96,	0.998812
9,	97,	1.00081
9,	98,	0.997574
9,	99,	0.997263
9,	100,	0.996226
10,	0,	1.00393
10,	1,	1.00252
10,	2,	1.0046
10,	3,	1.00048
10,	4,	1.00019
10,	5,	0.99904
10,	6,	1.00394
10,	7,	1.00357
10,	8,	1.00365
10,	9,	1.00249
10,	10,	1.00261
10,	11,	1.00031
10,	12,	1.00161
10,	13,	1.00103
10,	14,	1.0022
10,	15,	1.00514
10,	16,	0.997703
10,	17,	0.999815
10,	18,	0.997422
10,	19,	0.99927
10,	20,	1.0016
10,	21,	1.00229
10,	22,	1.00539
10,	23,	1.00167
10,	24,	1.00396
10,	25,	0.996797
10,	26,	0.999809
10,	27,	0.996137
10,	28,	1.00368
10,	29,	0.998895
10,	30,	1.00493
10,	31,	0.998895
10,	32,	1.00368
10,	33,	0.996137
10,	34,	0.999809
10,	35,	0.996797
10,	36,	1.00396
10,	37,	1.00167
10,	38,	1.00539
10,	39,	1.00229
10,	40,	1.0016
10,	41,	0.99927
10,	42,	0.997422
10,	43,	0.999815
10,	44,	0.997703
10,	45,	1.00514
10,	46,	1.0022
10,	47,	1.00103
10,	48,	1.00161
10,	49,	1.00031
10,	50,	1.00261
10,	51,	1.00249
10,	52,	1.00365
10,	53,	1.00357
10,	54,	1.00394
10,	55,	0.99904
10,	56,	1.00019
10,	57,	1.00048
10,	58,	1.0046
10,	59,	1.00252
10,	60,	1.00393
10,	61,	0.999823
10,	62,	1.00144
10,	63,	0.998823
10,	64,	0.999296
10,	65,	0.997158
10,	66,	0.997773
10,	67,	0.998771
10,	68,	0.998112
10,	69,	0.999623
10,	70,	0.998214
10,	71,	0.996092
10,	72,	1.00012
10,	73,	0.999751
10,	74,	0.999923
10,	75,	1.00038
10,	76,	0.997662
10,	77,	0.998541
10,	78,	1.00028
10,	79,	1.00162
10,	80,	1.00295
10,	81,	1.00295
10,	82,	1.00162
10,	83,	1.00028
10,	84,	0.998541
10,	85,	0.997662
10,	86,	1.00038
10,	87,	0.999923
10,	88,	0.999751
10,	89,	1.00012
10,	90,	0.996092
10,	91,	0.998214
10,	92,	0.999623
10,	93,	0.998112
10,	94,	0.998771
10,	95,	0.997773
10,	96,	0.997158
10,	97,	0.999296
10,	98,	0.998823
10,	99,	1.00144
10,	100,	0.999823
11,	0,	0.999495
11,	1,	1.00049
11,	2,	1.00212
11,	3,	1.00001
11,	4,	0.999172
11,	5,	0.997654
11,	6,	0.998212
11,	7,	0.998404
11,	8,	0.997294
11,	9,	0.999454
11,	10,	1.00031
11,	11,	1.0038
11,	12,	1.00258
11,	13,	1.00217
11,	14,	1.00203
11,	15,	0.998924
11,	16,	1.0005
11,	17,	0.997523
11,	18,	0.999274
11,	19,	0.999327
11,	20,	0.998415
11,	21,	1.00176
11,	22,	0.999476
11,	23,	1.00031
11,	24,	1.00151
11,	25,	0.999444
11,	26,	1.00307
11,	27,	0.998952
11,	28,	1.00185
11,	29,	1.00083
11,	30,	1.00065
11,	31,	1.00083
11,	32,	1.00185
11,	33,	0.998952
11,	34,	1.00307
11,	35,	0.999444
11,	36,	1.00151
11,	37,	1.00031
11,	38,	0.999476
11,	39,	1.00176
11,	40,	0.998415
11,	41,	0.999327
11,	42,	0.999274
11,	43,	0.997523
11,	44,	1.0005
11,	45,	0.998924
11,	46,	1.00203
11,	47,	1.00217
11,	48,	1.00258
11,	49,	1.0038
11,	50,	1.00031
11,	51,	0.999454
11,	52,	0.997294
11,	53,	0.998404
11,	54,	0.998212
11,	55,	0.997654
11,	56,	0.999172
11,	57,	1.00001
11,	58,	1.00212
11,	59,	1.00049
11,	60,	0.999495
11,	61,	0.998078
11,	62,	1.00002
11,	63,	0.999796
11,	64,	1.0031
11,	65,	0.99915
11,	66,	1.00294
11,	67,	0.99993
11,	68,	0.99957
11,	69,	0.998804
11,	70,	0.998303
11,	71,	0.997761
11,	72,	1.00018
11,	73,	1.00016
11,	74,	0.999203
11,	75,	1.00101
11,	76,	1.00102
11,	77,	1.00018
11,	78,	1.00425
11,	79,	0.999265
11,	80,	1.00011
11,	81,	1.00011
11,	82,	0.999265
11,	83,	1.00425
11,	84,	1.00018
11,	85,	1.00102
11,	86,	1.00101
11,	87,	0.999203
11,	88,	1.00016
11,	89,	1.00018
11,	90,	0.997761
11,	91,	0.998303
11,	92,	0.998804
11,	93,	0.99957
11,	94,	0.99993
11,	95,	1.00294
11,	96,	0.99915
11,	97,	1.0031
11,	98,	0.999796
11,	99,	1.00002
11,	100,	0.998078
12,	0,	1.00075
12,	1,	0.999909
12,	2,	1.00217
12,	3,	0.999599
12,	4,	0.99922
12,	5,	1.00105
12,	6,	1.00206
12,	7,	1.0025
12,	8,	1.0005
12,	9,	1.00208
12,	10,	1.00161
12,	11,	1.00258
12,	12,	1.00287
12,	13,	1.00261
12,	14,	1.004
12,	15,	1.00424
12,	16,	1.00271
12,	17,	0.998352
12,	18,	0.998629
12,	19,	0.997013
12,	20,	0.998991
12,	21,	0.99984
12,	22,	1.00062
12,	23,	0.999455
12,	24,	1.00184
12,	25,	0.996116
12,	26,	1.00128
12,	27,	0.998105
12,	28,	1.0036
12,	29,	1.00226
12,	30,	1.00468
12,	31,	1.00226
12,	32,	1.0036
12,	33,	0.998105
12,	34,	1.00128
12,	35,	0.996116
12,	36,	1.00184
12,	37,	0.999455
12,	38,	1.00062
12,	39,	0.99984
12,	40,	0.998991
12,	41,	0.997013
12,	42,	0.998629
12,	43,	0.998352
12,	44,	1.00271
12,	45,	1.00424
12,	46,	1.004
12,	47,	1.00261
12,	48,	1.00287
12,	49,	1.00258
12,	50,	1.00161
12,	51,	1.00208
12,	52,	1.0005
12,	53,	1.0025
12,	54,	1.00206
12,	55,	1.00105
12,	56,	0.99922
12,	57,	0.999599
12,	58,	1.00217
12,	59,	0.999909
12,	60,	1.00075
12,	61,	0.998567
12,	62,	0.998557
12,	63,	0.99942
12,	64,	0.999548
12,	65,	1.00179
12,	66,	0.999253
12,	67,	1.00165
12,	68,	0.998375
12,	69,	1.00159
12,	70,	0.999787
12,	71,	1.00153
12,	72,	1.00196
12,	73,	1.00197
12,	74,	0.998266
12,	75,	0.999133
12,	76,	0.997393
12,	77,	1.00049
12,	78,	1.00117
12,	79,	0.999323
12,	80,	0.999531
12,	81,	0.999531
12,	82,	0.999323
12,	83,	1.00117
12,	84,	1.00049
12,	85,	0.997393
12,	86,	0.999133
12,	87,	0.998266
12,	88,	1.00197
12,	89,	1.00196
12,	90,	1.00153
12,	91,	0.999787
12,	92,	1.00159
12,	93,	0.998375
12,	94,	1.00165
12,	95,	0.999253
12,	96,	1.00179
12,	97,	0.999548
12,	98,	0.99942
12,	99,	0.998557
12,	100,	0.998567
13,	0,	1.00243
13,	1,	1.00021
13,	2,	1.00299
13,	3,	1.0005
13,	4,	1.00039
13,	5,	1.00022
13,	6,	0.997423
13,	7,	0.997154
13,	8,	0.997541
13,	9,	0.996618
13,	10,	1.00103
13,	11,	1.00217
13,	12,	1.00261
13,	13,	1.00341
13,	14,	1.00264
13,	15,	1.00151
13,	16,	1.00312
13,	17,	0.999411
13,	18,	0.999483
13,	19,	0.997306
13,	20,	0.997932
13,	21,	0.999339
13,	22,	0.998006
13,	23,	0.998352
13,	24,	0.999333
13,	25,	0.998558
13,	26,	1.00268
13,	27,	0.999133
13,	28,	1.00008
13,	29,	1.00372
13,	30,	0.999413
13,	31,	1.00372
13,	32,	1.00008
13,	33,	0.999133
13,	34,	1.00268
13,	35,	0.998558
13,	36,	0.999333
13,	37,	0.998352
13,	38,	0.998006
13,	39,	0.999339
13,	40,	0.997932
13,	41,	0.997306
13,	42,	0.999483
13,	43,	0.999411
13,	44,	1.00312
13,	45,	1.00151
13,	46,	1.00264
13,	47,	1.00341
13,	48,	1.00261
13,	49,	1.00217
13,	50,	1.00103
13,	51,	0.996618
13,	52,	0.997541
13,	53,	0.997154
13,	54,	0.997423
13,	55,	1.00022
13,	56,	1.00039
13,	57,	1.0005
13,	58,	1.00299
13,	59,	1.00021
13,	60,	1.00243
13,	61,	1.00222
13,	62,	1.00236
13,	63,	1.00284
13,	64,	1.00189
13,	65,	1.00028
13,	66,	1.0032
13,	67,	1.00319
13,	68,	1.00051
13,	69,	1.00103
13,	70,	0.998195
13,	71,	1.00097
13,	72,	1.00256
13,	73,	1.00146
13,	74,	0.999759
13,	75,	0.998341
13,	76,	0.99911
13,	77,	0.999114
13,	78,	1.0025
13,	79,	0.997518
13,	80,	0.997021
13,	81,	0.997021
13,	82,	0.997518
13,	83,	1.0025
13,	84,	0.999114
13,	85,	0.99911
13,	86,	0.998341
13,	87,	0.999759
13,	88,	1.00146
13,	89,	1.00256
13,	90,	1.00097
13,	91,	0.998195
13,	92,	1.00103
13,	93,	1.00051
13,	94,	1.00319
13,	95,	1.0032
13,	96,	1.00028
13,	97,	1.00189
13,	98,	1.00284
13,	99,	1.00236
13,	100,	1.00222
14,	0,	0.997201
14,	1,	0.997412
14,	2,	1.00098
14,	3,	1.001
14,	4,	1.00087
14,	5,	1.00376
14,	6,	1.00086
14,	7,	1.00247
14,	8,	1.0002
14,	9,	1.00353
14,	10,	1.0022
14,	11,	1.00203
14,	12,	1.004
14,	13,	1.00264
14,	14,	1.00406
14,	15,	1.00279
14,	16,	1.00145
14,	17,	0.996129
14,	18,	0.996502
14,	19,	0.99717
14,	20,	0.997862
14,	21,	1.00067
14,	22,	0.998116
14,	23,	0.999927
14,	24,	0.998641
14,	25,	0.994576
14,	26,	0.997483
14,	27,	0.998447
14,	28,	1.00074
14,	29,	1.00454
14,	30,	1.00323
14,	31,	1.00454
14,	32,	1.00074
14,	33,	0.998447
14,	34,	0.997483
14,	35,	0.994576
14,	36,	0.998641
14,	37,	0.999927
14,	38,	0.998116
14,	39,	1.00067
14,	40,	0.997862
14,	41,	0.99717
14,	42,	0.996502
14,	43,	0.996129
14,	44,	1.00145
14,	45,	1.00279
14,	46,	1.00406
14,	47,	1.00264
14,	48,	1.004
14,	49,	1.00203
14,	50,	1.0022
14,	51,	1.00353
14,	52,	1.0002
14,	53,	1.00247
14,	54,	1.00086
14,	55,	1.00376
14,	56,	1.00087
14,	57,	1.001
14,	58,	1.00098
14,	59,	0.997412
14,	60,	0.997201
14,	61,	1.00042
14,	62,	0.997176
14,	63,	1.00218
14,	64,	0.998099
14,	65,	1.00439
14,	66,	0.998766
14,	67,	1.00171
14,	68,	1.00053
14,	69,	1.00086
14,	70,	1.00172
14,	71,	1.00099
14,	72,	1.00379
14,	73,	0.99951
14,	74,	1.00084
14,	75,	0.996536
14,	76,	1.00019
14,	77,	1.0035
14,	78,	1.00122
14,	79,	0.999711
14,	80,	0.997921
14,	81,	0.997921
14,	82,	0.999711
14,	83,	1.00122
14,	84,	1.0035
14,	85,	1.00019
14,	86,	0.996536
14,	87,	1.00084
14,	88,	0.99951
14,	89,	1.00379
14,	90,	1.00099
14,	91,	1.00172
14,	92,	1.00086
14,	93,	1.00053
14,	94,	1.00171
14,	95,	0.998766
14,	96,	1.00439
14,	97,	0.998099
14,	98,	1.00218
14,	99,	0.997176
14,	100,	1.00042
15,	0,	1.00109
15,	1,	0.998561
15,	2,	1.00025
15,	3,	1.0014
15,	4,	0.99989
15,	5,	1.00364
15,	6,	0.999968
15,	7,	1.00159
15,	8,	1.00341
15,	9,	0.998397
15,	10,	1.00514
15,	11,	0.998924
15,	12,	1.00424
15,	13,	1.00151
15,	14,	1.00279
15,	15,	1.00119
15,	16,	1.0039
15,	17,	1.00104
15,	18,	1.00552
15,	19,	1.00031
15,	20,	1.00444
15,	21,	1.00065
15,	22,	1.00175
15,	23,	0.99989
15,	24,	1.00039
15,	25,	0.998949
15,	26,	1.00164
15,	27,	0.99923
15,	28,	1.0011
15,	29,	1.00292
15,	30,	1.00136
15,	31,	1.00292
15,	32,	1.0011
15,	33,	0.99923
15,	34,	1.00164
15,	35,	0.998949
15,	36,	1.00039
15,	37,	0.99989
15,	38,	1.00175
15,	39,	1.00065
15,	40,	1.00444
15,	41,	1.00031
15,	42,	1.00552
15,	43,	1.00104
15,	44,	1.0039
15,	45,	1.00119
15,	46,	1.00279
15,	47,	1.00151
15,	48,	1.00424
15,	49,	0.998924
15,	50,	1.00514
15,	51,	0.998397
15,	52,	1.00341
15,	53,	1.00159
15,	54,	0.999968
15,	55,	1.00364
15,	56,	0.99989
15,	57,	1.0014
15,	58,	1.00025
15,	59,	0.998561
15,	60,	1.00109
15,	61,	1.00245
15,	62,	1.00376
15,	63,	1.00168
15,	64,	1.00109
15,	65,	0.996781
15,	66,	1.00328
15,	67,	0.999921
15,	68,	1.00343
15,	69,	0.997225
15,	70,	0.9997
15,	71,	0.997204
15,	72,	1.0036
15,	73,	1.00018
15,	74,	1.00123
15,	75,	0.997688
15,	76,	0.99905
15,	77,	0.999802
15,	78,	1.00285
15,	79,	1.00085
15,	80,	1.00068
15,	81,	1.00068
15,	82,	1.00085
15,	83,	1.00285
15,	84,	0.999802
15,	85,	0.99905
15,	86,	0.997688
15,	87,	1.00123
15,	88,	1.00018
15,	89,	1.0036
15,	90,	0.997204
15,	91,	0.9997
15,	92,	0.997225
15,	93,	1.00343
15,	94,	0.999921
15,	95,	1.00328
15,	96,	0.996781
15,	97,	1.00109
15,	98,	1.00168
15,	99,	1.00376
15,	100,	1.00245
16,	0,	0.995763
16,	1,	0.996046
16,	2,	1.00075
16,	3,	1.00131
16,	4,	1.00133
16,	5,	1.0035
16,	6,	0.99902
16,	7,	1.0013
16,	8,	0.995456
16,	9,	1.00178
16,	10,	0.997703
16,	11,	1.0005
16,	12,	1.00271
16,	13,	1.00312
16,	14,	1.00145
16,	15,	1.0039
16,	16,	0.999146
16,	17,	0.998358
16,	18,	0.998011
16,	19,	0.999321
16,	20,	0.999083
16,	21,	0.999883
16,	22,	1.00026
16,	23,	1.00057
16,	24,	1.00243
16,	25,	0.995396
16,	26,	0.998133
16,	27,	0.999554
16,	28,	1.00043
16,	29,	1.0014
16,	30,	1.00125
16,	31,	1.0014
16,	32,	1.00043
16,	33,	0.999554
16,	34,	0.998133
16,	35,	0.995396
16,	36,	1.00243
16,	37,	1.00057
16,	38,	1.00026
16,	39,	0.999883
16,	40,	0.999083
16,	41,	0.999321
16,	42,	0.998011
16,	43,	0.998358
16,	44,	0.999146
16,	45,	1.0039
16,	46,	1.00145
16,	47,	1.00312
16,	48,	1.00271
16,	49,	1.0005
16,	50,	0.997703
16,	51,	1.00178
16,	52,	0.995456
16,	53,	1.0013
16,	54,	0.99902
16,	55,	1.0035
16,	56,	1.00133
16,	57,	1.00131
16,	58,	1.00075
16,	59,	0.996046
16,	60,	0.995763
16,	61,	1.00077
16,	62,	0.996499
16,	63,	1.0017
16,	64,	0.993753
16,	65,	1.00323
16,	66,	0.993232
16,	67,	1.0005
16,	68,	1.00024
16,	69,	1.00025
16,	70,	1.00219
16,	71,	0.997971
16,	72,	1.0024
16,	73,	0.999264
16,	74,	1.00374
16,	75,	0.998829
16,	76,	1.00484
16,	77,	1.00421
16,	78,	1.00385
16,	79,	1.00062
16,	80,	1.00163
16,	81,	1.00163
16,	82,	1.00062
16,	83,	1.00385
16,	84,	1.00421
16,	85,	1.00484
16,	86,	0.998829
16,	87,	1.00374
16,	88,	0.999264
16,	89,	1.0024
16,	90,	0.997971
16,	91,	1.00219
16,	92,	1.00025
16,	93,	1.00024
16,	94,	1.0005
16,	95,	0.993232
16,	96,	1.00323
16,	97,	0.993753
16,	98,	1.0017
16,	99,	0.996499
16,	100,	1.00077
17,	0,	1.00055
17,	1,	1.0009
17,	2,	1.00004
17,	3,	1.00192
17,	4,	0.998966
17,	5,	1.00197
17,	6,	0.99834
17,	7,	1.00035
17,	8,	0.998615
17,	9,	0.996657
17,	10,	0.999815
17,	11,	0.997523
17,	12,	0.998352
17,	13,	0.999411
17,	14,	0.996129
17,	15,	1.00104
17,	16,	0.998358
17,	17,	1.00115
17,	18,	1.0028
17,	19,	1.00054
17,	20,	1.00145
17,	21,	1.00076
17,	22,	0.999266
17,	23,	0.999872
17,	24,	0.997127
17,	25,	0.998993
17,	26,	0.996204
17,	27,	0.998616
17,	28,	0.997011
17,	29,	0.997552
17,	30,	0.995955
17,	31,	0.997552
17,	32,	0.997011
17,	33,	0.998616
17,	34,	0.996204
17,	35,	0.998993
17,	36,	0.997127
17,	37,	0.999872
17,	38,	0.999266
17,	39,	1.00076
17,	40,	1.00145
17,	41,	1.00054
17,	42,	1.0028
17,	43,	1.00115
17,	44,	0.998358
17,	45,	1.00104
17,	46,	0.996129
17,	47,	0.999411
17,	48,	0.998352
17,	49,	0.997523
17,	50,	0.999815
17,	51,	0.996657
17,	52,	0.998615
17,	53,	1.00035
17,	54,	0.99834
17,	55,	1.00197
17,	56,	0.998966
17,	57,	1.00192
17,	58,	1.00004
17,	59,	1.0009
17,	60,	1.00055
17,	61,	1.00454
17,	62,	1.00283
17,	63,	1.00395
17,	64,	0.999081
17,	65,	0.999672
17,	66,	0.999198
17,	67,	1.00228
17,	68,	1.00139
17,	69,	1.00129
17,	70,	1.00022
17,	71,	0.999467
17,	72,	1.00236
17,	73,	1.00386
17,	74,	1.0003
17,	75,	1.00268
17,	76,	0.996894
17,	77,	1.0004
17,	78,	0.999449
17,	79,	1.0015
17,	80,	1.00141
17,	81,	1.00141
17,	82,	1.0015
17,	83,	0.999449
17,	84,	1.0004
17,	85,	0.996894
17,	86,	1.00268
17,	87,	1.0003
17,	88,	1.00386
17,	89,	1.00236
17,	90,	0.999467
17,	91,	1.00022
17,	92,	1.00129
17,	93,	1.00139
17,	94,	1.00228
17,	95,	0.999198
17,	96,	0.999672
17,	97,	0.999081
17,	98,	1.00395
17,	99,	1.00283
17,	100,	1.00454
18,	0,	0.996185
18,	1,	0.997249
18,	2,	0.997664
18,	3,	0.99999
18,	4,	0.997567
18,	5,	1.00127
18,	6,	0.998236
18,	7,	0.999563
18,	8,	0.995329
18,	9,	1.00067
18,	10,	0.997422
18,	11,	0.999274
18,	12,	0.998629
18,	13,	0.999483
18,	14,	0.996502
18,	15,	1.00552
18,	16,	0.998011
18,	17,	1.0028
18,	18,	0.998007
18,	19,	1.00131
18,	20,	0.99833
18,	21,	0.999983
18,	22,	1.00002
18,	23,	0.999868
18,	24,	1.00215
18,	25,	0.995415
18,	26,	0.996403
18,	27,	0.999333
18,	28,	0.999364
18,	29,	1.00024
18,	30,	1.00038
18,	31,	1.00024
18,	32,	0.999364
18,	33,	0.999333
18,	34,	0.996403
18,	35,	0.995415
18,	36,	1.00215
18,	37,	0.999868
18,	38,	1.00002
18,	39,	0.999983
18,	40,	0.99833
18,	41,	1.00131
18,	42,	0.998007
18,	43,	1.0028
18,	44,	0.998011
18,	45,	1.00552
18,	46,	0.996502
18,	47,	0.999483
18,	48,	0.998629
18,	49,	0.999274
18,	50,	0.997422
18,	51,	1.00067
18,	52,	0.995329
18,	53,	0.999563
18,	54,	0.998236
18,	55,	1.00127
18,	56,	0.997567
18,	57,	0.99999
18,	58,	0.997664
18,	59,	0.997249
18,	60,	0.996185
18,	61,	1.00168
18,	62,	0.998349
18,	63,	1.00061
18,	64,	0.996691
18,	65,	1.00217
18,	66,	0.995369
18,	67,	0.999769
18,	68,	1.00103
18,	69,	1.00104
18,	70,	0.999845
18,	71,	0.996971
18,	72,	0.997433
18,	73,	1.00034
18,	74,	1.00242
18,	75,	1.0011
18,	76,	1.00515
18,	77,	1.00224
18,	78,	1.00404
18,	79,	1.00086
18,	80,	1.00503
18,	81,	1.00503
18,	82,	1.00086
18,	83,	1.00404
18,	84,	1.00224
18,	85,	1.00515
18,	86,	1.0011
18,	87,	1.00242
18,	88,	1.00034
18,	89,	0.997433
18,	90,	0.996971
18,	91,	0.999845
18,	92,	1.00104
18,	93,	1.00103
18,	94,	0.999769
18,	95,	0.995369
18,	96,	1.00217
18,	97,	0.996691
18,	98,	1.00061
18,	99,	0.998349
18,	100,	1.00168
19,	0,	0.999529
19,	1,	0.999235
19,	2,	0.998449
19,	3,	0.999408
19,	4,	0.997478
19,	5,	0.998916
19,	6,	0.998492
19,	7,	0.998371
19,	8,	0.998014
19,	9,	0.997704
19,	10,	0.99927
19,	11,	0.999327
19,	12,	0.997013
19,	13,	0.997306
19,	14,	0.99717
19,	15,	1.00031
19,	16,	0.999321
19,	17,	1.00054
19,	18,	1.00131
19,	19,	1.0004
19,	20,	1.00057
19,	21,	1.00126
19,	22,	0.998496
19,	23,	0.999375
19,	24,	0.996232
19,	25,	0.99914
19,	26,	0.994895
19,	27,	0.998192
19,	28,	0.997017
19,	29,	0.999694
19,	30,	0.99789
19,	31,	0.999694
19,	32,	0.997017
19,	33,	0.998192
19,	34,	0.994895
19,	35,	0.99914
19,	36,	0.996232
19,	37,	0.999375
19,	38,	0.998496
19,	39,	1.00126
19,	40,	1.00057
19,	41,	1.0004
19,	42,	1.00131
19,	43,	1.00054
19,	44,	0.999321
19,	45,	1.00031
19,	46,	0.99717
19,	47,	0.997306
19,	48,	0.997013
19,	49,	0.999327
19,	50,	0.99927
19,	51,	0.997704
19,	52,	0.998014
19,	53,	0.998371
19,	54,	0.998492
19,	55,	0.998916
19,	56,	0.997478
19,	57,	0.999408
19,	58,	0.998449
19,	59,	0.999235
19,	60,	0.999529
19,	61,	1.00112
19,	62,	0.999894
19,	63,	1.00321
19,	64,	0.998775
19,	65,	1.00166
19,	66,	0.999015
19,	67,	1.00265
19,	68,	1.00051
19,	69,	1.00415
19,	70,	1.00057
19,	71,	1.00223
19,	72,	0.999991
19,	73,	1.00416
19,	74,	0.998659
19,	75,	1.00399
19,	76,	0.997085
19,	77,	1.00037
19,	78,	0.998169
19,	79,	1.00131
19,	80,	1.00064
19,	81,	1.00064
19,	82,	1.00131
19,	83,	0.998169
19,	84,	1.00037
19,	85,	0.997085
19,	86,	1.00399
19,	87,	0.998659
19,	88,	1.00416
19,	89,	0.999991
19,	90,	1.00223
19,	91,	1.00057
19,	92,	1.00415
19,	93,	1.00051
19,	94,	1.00265
19,	95,	0.999015
19,	96,	1.00166
19,	97,	0.998775
19,	98,	1.00321
19,	99,	0.999894
19,	100,	1.00112
20,	0,	0.998571
20,	1,	0.998791
20,	2,	0.998132
20,	3,	0.998397
20,	4,	0.997617
20,	5,	0.998056
20,	6,	1.00115
20,	7,	0.995895
20,	8,	1.00027
20,	9,	0.999376
20,	10,	1.0016
20,	11,	0.998415
20,	12,	0.998991
20,	13,	0.997932
20,	14,	0.997862
20,	15,	1.00444
20,	16,	0.999083
20,	17,	1.00145
20,	18,	0.99833
20,	19,	1.00057
20,	20,	0.999371
20,	21,	0.999387
20,	22,	0.998743
20,	23,	1.00056
20,	24,	1.00071
20,	25,	0.998712
20,	26,	0.996901
20,	27,	1.00204
20,	28,	0.998266
20,	29,	1.00404
20,	30,	0.999233
20,	31,	1.00404
20,	32,	0.998266
20,	33,	1.00204
20,	34,	0.996901
20,	35,	0.998712
20,	36,	1.00071
20,	37,	1.00056
20,	38,	0.998743
20,	39,	0.999387
20,	40,	0.999371
20,	41,	1.00057
20,	42,	0.99833
20,	43,	1.00145
20,	44,	0.999083
20,	45,	1.00444
20,	46,	0.997862
20,	47,	0.997932
20,	48,	0.998991
20,	49,	0.998415
20,	50,	1.0016
20,	51,	0.999376
20,	52,	1.00027
20,	53,	0.995895
20,	54,	1.00115
20,	55,	0.998056
20,	56,	0.997617
20,	57,	0.998397
20,	58,	0.998132
20,	59,	0.998791
20,	60,	0.998571
20,	61,	1.00079
20,	62,	0.998361
20,	63,	1.00011
20,	64,	0.999021
20,	65,	1.00257
20,	66,	1.00029
20,	67,	1.00011
20,	68,	1.0034
20,	69,	1.00112
20,	70,	1.00047
20,	71,	0.999735
20,	72,	0.998305
20,	73,	1.00216
20,	74,	1.00148
20,	75,	0.999962
20,	76,	1.00046
20,	77,	0.9985
20,	78,	0.998783
20,	79,	0.997638
20,	80,	1.00065
20,	81,	1.00065
20,	82,	0.997638
20,	83,	0.998783
20,	84,	0.9985
20,	85,	1.00046
20,	86,	0.999962
20,	87,	1.00148
20,	88,	1.00216
20,	89,	0.998305
20,	90,	0.999735
20,	91,	1.00047
20,	92,	1.00112
20,	93,	1.0034
20,	94,	1.00011
20,	95,	1.00029
20,	96,	1.00257
20,	97,	0.999021
20,	98,	1.00011
20,	99,	0.998361
20,	100,	1.00079
21,	0,	1.00221
21,	1,	0.998695
21,	2,	1.0015
21,	3,	0.997301
21,	4,	1.00059
21,	5,	0.997094
21,	6,	1.00144
21,	7,	0.998189
21,	8,	1.00096
21,	9,	1.00119
21,	10,	1.00229
21,	11,	1.00176
21,	12,	0.99984
21,	13,	0.999339
21,	14,	1.00067
21,	15,	1.00065
21,	16,	0.999883
21,	17,	1.00076
21,	18,	0.999983
21,	19,	1.00126
21,	20,	0.999387
21,	21,	0.999813
21,	22,	0.99847
21,	23,	0.999209
21,	24,	0.999533
21,	25,	0.999384
21,	26,	1.00044
21,	27,	0.999708
21,	28,	1.00094
21,	29,	1.00215
21,	30,	1.00065
21,	31,	1.00215
21,	32,	1.00094
21,	33,	0.999708
21,	34,	1.00044
21,	35,	0.999384
21,	36,	0.999533
21,	37,	0.999209
21,	38,	0.99847
21,	39,	0.999813
21,	40,	0.999387
21,	41,	1.00126
21,	42,	0.999983
21,	43,	1.00076
21,	44,	0.999883
21,	45,	1.00065
21,	46,	1.00067
21,	47,	0.999339
21,	48,	0.99984
21,	49,	1.00176
21,	50,	1.00229
21,	51,	1.00119
21,	52,	1.00096
21,	53,	0.998189
21,	54,	1.00144
21,	55,	0.997094
21,	56,	1.00059
21,	57,	0.997301
21,	58,	1.0015
21,	59,	0.998695
21,	60,	1.00221
21,	61,	0.997844
21,	62,	0.999745
21,	63,	1.00012
21,	64,	0.998958
21,	65,	0.998371
21,	66,	0.999281
21,	67,	0.997728
21,	68,	0.999556
21,	69,	0.999542
21,	70,	0.999583
21,	71,	1.00034
21,	72,	0.99824
21,	73,	0.999571
21,	74,	0.998433
21,	75,	1.00041
21,	76,	1.00092
21,	77,	1.00019
21,	78,	1.00221
21,	79,	1.00064
21,	80,	1.00034
21,	81,	1.00034
21,	82,	1.00064
21,	83,	1.00221
21,	84,	1.00019
21,	85,	1.00092
21,	86,	1.00041
21,	87,	0.998433
21,	88,	0.999571
21,	89,	0.99824
21,	90,	1.00034
21,	91,	0.999583
21,	92,	0.999542
21,	93,	0.999556
21,	94,	0.997728
21,	95,	0.999281
21,	96,	0.998371
21,	97,	0.998958
21,	98,	1.00012
21,	99,	0.999745
21,	100,	0.997844
22,	0,	0.999832
22,	1,	1.00111
22,	2,	1.00171
22,	3,	0.999704
22,	4,	1.00169
22,	5,	0.997801
22,	6,	1.00365
22,	7,	0.996293
22,	8,	1.00365
22,	9,	1.0011
22,	10,	1.00539
22,	11,	0.999476
22,	12,	1.00062
22,	13,	0.998006
22,	14,	0.998116
22,	15,	1.00175
22,	16,	1.00026
22,	17,	0.999266
22,	18,	1.00002
22,	19,	0.998496
22,	20,	0.998743
22,	21,	0.99847
22,	22,	0.998296
22,	23,	1.00334
22,	24,	1.00139
22,	25,	1.00079
22,	26,	0.999523
22,	27,	1.00382
22,	28,	1.00025
22,	29,	1.00561
22,	30,	1.00014
22,	31,	1.00561
22,	32,	1.00025
22,	33,	1.00382
22,	34,	0.999523
22,	35,	1.00079
22,	36,	1.00139
22,	37,	1.00334
22,	38,	0.998296
22,	39,	0.99847
22,	40,	0.998743
22,	41,	0.998496
22,	42,	1.00002
22,	43,	0.999266
22,	44,	1.00026
22,	45,	1.00175
22,	46,	0.998116
22,	47,	0.998006
22,	48,	1.00062
22,	49,	0.999476
22,	50,	1.00539
22,	51,	1.0011
22,	52,	1.00365
22,	53,	0.996293
22,	54,	1.00365
22,	55,	0.997801
22,	56,	1.00169
22,	57,	0.999704
22,	58,	1.00171
22,	59,	1.00111
22,	60,	0.999832
22,	61,	1.00032
22,	62,	0.999376
22,	63,	0.999666
22,	64,	1.00234
22,	65,	1.00035
22,	66,	1.00439
22,	67,	0.997669
22,	68,	1.00346
22,	69,	0.996556
22,	70,	0.999636
22,	71,	0.999655
22,	72,	1.00022
22,	73,	1.00198
22,	74,	1.00027
22,	75,	0.995858
22,	76,	0.998293
22,	77,	0.994708
22,	78,	1.00006
22,	79,	0.994817
22,	80,	0.998361
22,	81,	0.998361
22,	82,	0.994817
22,	83,	1.00006
22,	84,	0.994708
22,	85,	0.998293
22,	86,	0.995858
22,	87,	1.00027
22,	88,	1.00198
22,	89,	1.00022
22,	90,	0.999655
22,	91,	0.999636
22,	92,	0.996556
22,	93,	1.00346
22,	94,	0.997669
22,	95,	1.00439
22,	96,	1.00035
22,	97,	1.00234
22,	98,	0.999666
22,	99,	0.999376
22,	100,	1.00032
23,	0,	0.999712
23,	1,	1.00073
23,	2,	1.00159
23,	3,	0.999121
23,	4,	1.00058
23,	5,	0.998571
23,	6,	1.00037
23,	7,	1.00198
23,	8,	1.00143
23,	9,	1.00397
23,	10,	1.00167
23,	11,	1.00031
23,	12,	0.999455
23,	13,	0.998352
23,	14,	0.999927
23,	15,	0.99989
23,	16,	1.00057
23,	17,	0.999872
23,	18,	0.999868
23,	19,	0.999375
23,	20,	1.00056
23,	21,	0.999209
23,	22,	1.00334
23,	23,	0.999077
23,	24,	1.00413
23,	25,	0.996788
23,	26,	1.00385
23,	27,	1.00017
23,	28,	1.00482
23,	29,	1.00403
23,	30,	1.00478
23,	31,	1.00403
23,	32,	1.00482
23,	33,	1.00017
23,	34,	1.00385
23,	35,	0.996788
23,	36,	1.00413
23,	37,	0.999077
23,	38,	1.00334
23,	39,	0.999209
23,	40,	1.00056
23,	41,	0.999375
23,	42,	0.999868
23,	43,	0.999872
23,	44,	1.00057
23,	45,	0.99989
23,	46,	0.999927
23,	47,	0.998352
23,	48,	0.999455
