0,	0,	1.00868
0,	1,	1.00126
0,	2,	1.00382
0,	3,	0.996266
0,	4,	0.998965
0,	5,	0.997861
0,	6,	0.997373
0,	7,	0.999973
0,	8,	1.00151
0,	9,	0.999072
0,	10,	1.00222
0,	11,	1.00029
0,	12,	0.99829
0,	13,	1.00274
0,	14,	0.999536
0,	15,	1.00442
0,	16,	0.998353
0,	17,	1.00393
0,	18,	1.001
0,	19,	1.00072
0,	20,	0.998397
0,	21,	0.998562
0,	22,	1.00191
0,	23,	0.999487
0,	24,	1.00367
0,	25,	0.998866
0,	26,	1.00025
0,	27,	0.997092
0,	28,	1.00147
0,	29,	0.999825
0,	30,	1.00069
0,	31,	0.999825
0,	32,	1.00147
0,	33,	0.997092
0,	34,	1.00025
0,	35,	0.998866
0,	36,	1.00367
0,	37,	0.999487
0,	38,	1.00191
0,	39,	0.998562
0,	40,	0.998397
0,	41,	1.00072
0,	42,	1.001
0,	43,	1.00393
0,	44,	0.998353
0,	45,	1.00442
0,	46,	0.999536
0,	47,	1.00274
0,	48,	0.99829
0,	49,	1.00029
0,	50,	1.00222
0,	51,	0.999072
0,	52,	1.00151
0,	53,	0.999973
0,	54,	0.997373
0,	55,	0.997861
0,	56,	0.998965
0,	57,	0.996266
0,	58,	1.00382
0,	59,	1.00126
0,	60,	1.00868
0,	61,	1.00061
0,	62,	1.00408
0,	63,	0.996585
0,	64,	1.00063
0,	65,	1.00027
0,	66,	0.999138
0,	67,	1.00148
0,	68,	1.00134
0,	69,	1.00017
0,	70,	0.99584
0,	71,	0.998066
0,	72,	0.996677
0,	73,	1.00196
0,	74,	0.996821
0,	75,	1.00278
0,	76,	0.999495
0,	77,	1.00199
0,	78,	0.997989
0,	79,	0.997851
0,	80,	0.99902
0,	81,	0.99902
0,	82,	0.997851
0,	83,	0.997989
0,	84,	1.00199
0,	85,	0.999495
0,	86,	1.00278
0,	87,	0.996821
0,	88,	1.00196
0,	89,	0.996677
0,	90,	0.998066
0,	91,	0.99584
0,	92,	1.00017
0,	93,	1.00134
0,	94,	1.00148
0,	95,	0.999138
0,	96,	1.00027
0,	97,	1.00063
0,	98,	0.996585
0,	99,	1.00408
0,	100,	1.00061
1,	0,	1.00126
1,	1,	1.00074
1,	2,	1.0027
1,	3,	0.996446
1,	4,	1.00191
1,	5,	0.999161
1,	6,	0.999691
1,	7,	0.998885
1,	8,	0.997248
1,	9,	0.996426
1,	10,	0.994527
1,	11,	0.997295
1,	12,	0.994731
1,	13,	1.0031
1,	14,	0.998715
1,	15,	1.00133
1,	16,	0.996976
1,	17,	0.999152
1,	18,	0.999885
1,	19,	1.00127
1,	20,	0.999243
1,	21,	1.00178
1,	22,	0.998226
1,	23,	1.00094
1,	24,	0.996563
1,	25,	0.999982
1,	26,	0.997988
1,	27,	1.00077
1,	28,	0.999509
1,	29,	0.998652
1,	30,	0.995468
1,	31,	0.998652
1,	32,	0.999509
1,	33,	1.00077
1,	34,	0.997988
1,	35,	0.999982
1,	36,	0.996563
1,	37,	1.00094
1,	38,	0.998226
1,	39,	1.00178
1,	40,	0.999243
1,	41,	1.00127
1,	42,	0.999885
1,	43,	0.999152
1,	44,	0.996976
1,	45,	1.00133
1,	46,	0.998715
1,	47,	1.0031
1,	48,	0.994731
1,	49,	0.997295
1,	50,	0.994527
1,	51,	0.996426
1,	52,	0.997248
1,	53,	0.998885
1,	54,	0.999691
1,	55,	0.999161
1,	56,	1.00191
1,	57,	0.996446
1,	58,	1.0027
1,	59,	1.00074
1,	60,	1.00126
1,	61,	0.999698
1,	62,	0.998317
1,	63,	0.997069
1,	64,	0.999422
1,	65,	1.00038
1,	66,	0.997142
1,	67,	1.00054
1,	68,	0.999547
1,	69,	1.00203
1,	70,	0.999032
1,	71,	1.00208
1,	72,	1.00235
1,	73,	1.00218
1,	74,	1.00068
1,	75,	0.99911
1,	76,	1.00028
1,	77,	1.00078
1,	78,	1.00007
1,	79,	1.00081
1,	80,	1.00298
1,	81,	1.00298
1,	82,	1.00081
1,	83,	1.00007
1,	84,	1.00078
1,	85,	1.00028
1,	86,	0.99911
1,	87,	1.00068
1,	88,	1.00218
1,	89,	1.00235
1,	90,	1.00208
1,	91,	0.999032
1,	92,	1.00203
1,	93,	0.999547
1,	94,	1.00054
1,	95,	0.997142
1,	96,	1.00038
1,	97,	0.999422
1,	98,	0.997069
1,	99,	0.998317
1,	100,	0.999698
2,	0,	1.00382
2,	1,	1.0027
2,	2,	0.999946
2,	3,	1.00187
2,	4,	0.998582
2,	5,	1.00285
2,	6,	0.998141
2,	7,	1.0019
2,	8,	1.0007
2,	9,	1.00089
2,	10,	1.00095
2,	11,	0.998597
2,	12,	0.998646
2,	13,	0.999394
2,	14,	0.998417
2,	15,	1.00041
2,	16,	1.00131
2,	17,	1.00099
2,	18,	1.00322
2,	19,	0.998991
2,	20,	1.00261
2,	21,	0.998694
2,	22,	1.00154
2,	23,	1.00081
2,	24,	0.998044
2,	25,	0.997943
2,	26,	0.999132
2,	27,	1.0008
2,	28,	1.00062
2,	29,	0.999634
2,	30,	0.998999
2,	31,	0.999634
2,	32,	1.00062
2,	33,	1.0008
2,	34,	0.999132
2,	35,	0.997943
2,	36,	0.998044
2,	37,	1.00081
2,	38,	1.00154
2,	39,	0.998694
2,	40,	1.00261
2,	41,	0.998991
2,	42,	1.00322
2,	43,	1.00099
2,	44,	1.00131
2,	45,	1.00041
2,	46,	0.998417
2,	47,	0.999394
2,	48,	0.998646
2,	49,	0.998597
2,	50,	1.00095
2,	51,	1.00089
2,	52,	1.0007
2,	53,	1.0019
2,	54,	0.998141
2,	55,	1.00285
2,	56,	0.998582
2,	57,	1.00187
2,	58,	0.999946
2,	59,	1.0027
2,	60,	1.00382
2,	61,	0.999694
2,	62,	1.00097
2,	63,	0.994171
2,	64,	1.0003
2,	65,	0.995399
2,	66,	1.00035
2,	67,	1.00081
2,	68,	1.00016
2,	69,	1.00102
2,	70,	0.999916
2,	71,	1.00001
2,	72,	1.00131
2,	73,	1.00376
2,	74,	1.0024
2,	75,	1.00462
2,	76,	1.00014
2,	77,	1.00094
2,	78,	0.995239
2,	79,	0.996756
2,	80,	0.993466
2,	81,	0.993466
2,	82,	0.996756
2,	83,	0.995239
2,	84,	1.00094
2,	85,	1.00014
2,	86,	1.00462
2,	87,	1.0024
2,	88,	1.00376
2,	89,	1.00131
2,	90,	1.00001
2,	91,	0.999916
2,	92,	1.00102
2,	93,	1.00016
2,	94,	1.00081
2,	95,	1.00035
2,	96,	0.995399
2,	97,	1.0003
2,	98,	0.994171
2,	99,	1.00097
2,	100,	0.999694
3,	0,	0.996266
3,	1,	0.996446
3,	2,	1.00187
3,	3,	0.99561
3,	4,	1.00265
3,	5,	0.997791
3,	6,	0.99985
3,	7,	0.995242
3,	8,	0.997328
3,	9,	0.998064
3,	10,	0.999346
3,	11,	0.996564
3,	12,	0.998501
3,	13,	0.998593
3,	14,	0.997319
3,	15,	0.999561
3,	16,	0.999747
3,	17,	1.00133
3,	18,	1.00184
3,	19,	0.999551
3,	20,	1.00122
3,	21,	1.00145
3,	22,	1.00413
3,	23,	1.00576
3,	24,	1.00178
3,	25,	1.00198
3,	26,	1.00095
3,	27,	1.00195
3,	28,	1.00267
3,	29,	0.999359
3,	30,	0.999147
3,	31,	0.999359
3,	32,	1.00267
3,	33,	1.00195
3,	34,	1.00095
3,	35,	1.00198
3,	36,	1.00178
3,	37,	1.00576
3,	38,	1.00413
3,	39,	1.00145
3,	40,	1.00122
3,	41,	0.999551
3,	42,	1.00184
3,	43,	1.00133
3,	44,	0.999747
3,	45,	0.999561
3,	46,	0.997319
3,	47,	0.998593
3,	48,	0.998501
3,	49,	0.996564
3,	50,	0.999346
3,	51,	0.998064
3,	52,	0.997328
3,	53,	0.995242
3,	54,	0.99985
3,	55,	0.997791
3,	56,	1.00265
3,	57,	0.99561
3,	58,	1.00187
3,	59,	0.996446
3,	60,	0.996266
3,	61,	0.997327
3,	62,	0.995699
3,	63,	0.997174
3,	64,	0.998448
3,	65,	1.00269
3,	66,	1.00106
3,	67,	1.00393
3,	68,	1.00119
3,	69,	1.00373
3,	70,	1.00014
3,	71,	1.00321
3,	72,	1.00018
3,	73,	1.0016
3,	74,	1.00081
3,	75,	1.00009
3,	76,	0.998971
3,	77,	1.00014
3,	78,	1.00057
3,	79,	0.999303
3,	80,	1.00146
3,	81,	1.00146
3,	82,	0.999303
3,	83,	1.00057
3,	84,	1.00014
3,	85,	0.998971
3,	86,	1.00009
3,	87,	1.00081
3,	88,	1.0016
3,	89,	1.00018
3,	90,	1.00321
3,	91,	1.00014
3,	92,	1.00373
3,	93,	1.00119
3,	94,	1.00393
3,	95,	1.00106
3,	96,	1.00269
3,	97,	0.998448
3,	98,	0.997174
3,	99,	0.995699
3,	100,	0.997327
4,	0,	0.998965
4,	1,	1.00191
4,	2,	0.998582
4,	3,	1.00265
4,	4,	0.99721
4,	5,	1.00222
4,	6,	0.9996
4,	7,	1.00278
4,	8,	0.998707
4,	9,	1.00374
4,	10,	0.998771
4,	11,	0.999285
4,	12,	0.999119
4,	13,	0.99733
4,	14,	0.998267
4,	15,	0.998784
4,	16,	1.00279
4,	17,	0.99881
4,	18,	1.00217
4,	19,	0.997212
4,	20,	1.00481
4,	21,	0.999746
4,	22,	1.00441
4,	23,	0.998856
4,	24,	0.998714
4,	25,	0.996899
4,	26,	1.00106
4,	27,	1.00365
4,	28,	1.0012
4,	29,	1.00136
4,	30,	0.997701
4,	31,	1.00136
4,	32,	1.0012
4,	33,	1.00365
4,	34,	1.00106
4,	35,	0.996899
4,	36,	0.998714
4,	37,	0.998856
4,	38,	1.00441
4,	39,	0.999746
4,	40,	1.00481
4,	41,	0.997212
4,	42,	1.00217
4,	43,	0.99881
4,	44,	1.00279
4,	45,	0.998784
4,	46,	0.998267
4,	47,	0.99733
4,	48,	0.999119
4,	49,	0.999285
4,	50,	0.998771
4,	51,	1.00374
4,	52,	0.998707
4,	53,	1.00278
4,	54,	0.9996
4,	55,	1.00222
4,	56,	0.99721
4,	57,	1.00265
4,	58,	0.998582
4,	59,	1.00191
4,	60,	0.998965
4,	61,	0.998402
4,	62,	0.999472
4,	63,	0.994247
4,	64,	0.999294
4,	65,	0.996536
4,	66,	1.00417
4,	67,	1.00325
4,	68,	1.00189
4,	69,	1.00208
4,	70,	1.00031
4,	71,	0.999677
4,	72,	0.99833
4,	73,	0.99928
4,	74,	1.00125
4,	75,	1.00289
4,	76,	0.998425
4,	77,	1.0014
4,	78,	0.998022
4,	79,	0.99935
4,	80,	0.996701
4,	81,	0.996701
4,	82,	0.99935
4,	83,	0.998022
4,	84,	1.0014
4,	85,	0.998425
4,	86,	1.00289
4,	87,	1.00125
4,	88,	0.99928
4,	89,	0.99833
4,	90,	0.999677
4,	91,	1.00031
4,	92,	1.00208
4,	93,	1.00189
4,	94,	1.00325
4,	95,	1.00417
4,	96,	0.996536
4,	97,	0.999294
4,	98,	0.994247
4,	99,	0.999472
4,	100,	0.998402
5,	0,	0.997861
5,	1,	0.999161
5,	2,	1.00285
5,	3,	0.997791
5,	4,	1.00222
5,	5,	0.998998
5,	6,	1.00161
5,	7,	0.999347
5,	8,	1.00058
5,	9,	1.00257
5,	10,	1.00503
5,	11,	1.00097
5,	12,	1.00134
5,	13,	0.998427
5,	14,	0.995985
5,	15,	0.998411
5,	16,	0.997924
5,	17,	1.00075
5,	18,	0.998838
5,	19,	0.999889
5,	20,	0.995297
5,	21,	1.00291
5,	22,	1.0002
5,	23,	1.00613
5,	24,	1.00195
5,	25,	1.00242
5,	26,	0.999657
5,	27,	0.999586
5,	28,	1.00095
5,	29,	0.998497
5,	30,	0.998525
5,	31,	0.998497
5,	32,	1.00095
5,	33,	0.999586
5,	34,	0.999657
5,	35,	1.00242
5,	36,	1.00195
5,	37,	1.00613
5,	38,	1.0002
5,	39,	1.00291
5,	40,	0.995297
5,	41,	0.999889
5,	42,	0.998838
5,	43,	1.00075
5,	44,	0.997924
5,	45,	0.998411
5,	46,	0.995985
5,	47,	0.998427
5,	48,	1.00134
5,	49,	1.00097
5,	50,	1.00503
5,	51,	1.00257
5,	52,	1.00058
5,	53,	0.999347
5,	54,	1.00161
5,	55,	0.998998
5,	56,	1.00222
5,	57,	0.997791
5,	58,	1.00285
5,	59,	0.999161
5,	60,	0.997861
5,	61,	0.998182
5,	62,	1.00104
5,	63,	0.997509
5,	64,	1.00016
5,	65,	0.999766
5,	66,	1.00181
5,	67,	0.997661
5,	68,	1.00456
5,	69,	0.995665
5,	70,	1.00109
5,	71,	0.997091
5,	72,	1.00197
5,	73,	0.996451
5,	74,	1.0021
5,	75,	0.997412
5,	76,	1.00202
5,	77,	0.999553
5,	78,	1.004
5,	79,	0.998208
5,	80,	1.00487
5,	81,	1.00487
5,	82,	0.998208
5,	83,	1.004
5,	84,	0.999553
5,	85,	1.00202
5,	86,	0.997412
5,	87,	1.0021
5,	88,	0.996451
5,	89,	1.00197
5,	90,	0.997091
5,	91,	1.00109
5,	92,	0.995665
5,	93,	1.00456
5,	94,	0.997661
5,	95,	1.00181
5,	96,	0.999766
5,	97,	1.00016
5,	98,	0.997509
5,	99,	1.00104
5,	100,	0.998182
6,	0,	0.997373
6,	1,	0.999691
6,	2,	0.998141
6,	3,	0.99985
6,	4,	0.9996
6,	5,	1.00161
6,	6,	1.00154
6,	7,	1.00193
6,	8,	0.996644
6,	9,	1.00044
6,	10,	0.999846
6,	11,	1.00054
6,	12,	1.00147
6,	13,	0.99855
6,	14,	0.998993
6,	15,	0.999595
6,	16,	1.00092
6,	17,	0.998219
6,	18,	0.996309
6,	19,	0.999357
6,	20,	0.997551
6,	21,	1.00213
6,	22,	0.997853
6,	23,	0.999751
6,	24,	0.997016
6,	25,	0.999234
6,	26,	0.999891
6,	27,	1.00074
6,	28,	1.00218
6,	29,	0.996429
6,	30,	1.00414
6,	31,	0.996429
6,	32,	1.00218
6,	33,	1.00074
6,	34,	0.999891
6,	35,	0.999234
6,	36,	0.997016
6,	37,	0.999751
6,	38,	0.997853
6,	39,	1.00213
6,	40,	0.997551
6,	41,	0.999357
6,	42,	0.996309
6,	43,	0.998219
6,	44,	1.00092
6,	45,	0.999595
6,	46,	0.998993
6,	47,	0.99855
6,	48,	1.00147
6,	49,	1.00054
6,	50,	0.999846
6,	51,	1.00044
6,	52,	0.996644
6,	53,	1.00193
6,	54,	1.00154
6,	55,	1.00161
6,	56,	0.9996
6,	57,	0.99985
6,	58,	0.998141
6,	59,	0.999691
6,	60,	0.997373
6,	61,	0.999737
6,	62,	1.00059
6,	63,	1.00184
6,	64,	0.999557
6,	65,	1.00047
6,	66,	1.00158
6,	67,	1.00162
6,	68,	0.999742
6,	69,	0.998294
6,	70,	0.997223
6,	71,	0.999126
6,	72,	0.999225
6,	73,	1.0007
6,	74,	1.00371
6,	75,	1.004
6,	76,	1.00248
6,	77,	1.001
6,	78,	0.99892
6,	79,	0.996364
6,	80,	0.995695
6,	81,	0.995695
6,	82,	0.996364
6,	83,	0.99892
6,	84,	1.001
6,	85,	1.00248
6,	86,	1.004
6,	87,	1.00371
6,	88,	1.0007
6,	89,	0.999225
6,	90,	0.999126
6,	91,	0.997223
6,	92,	0.998294
6,	93,	0.999742
6,	94,	1.00162
6,	95,	1.00158
6,	96,	1.00047
6,	97,	0.999557
6,	98,	1.00184
6,	99,	1.00059
6,	100,	0.999737
7,	0,	0.999973
7,	1,	0.998885
7,	2,	1.0019
7,	3,	0.995242
7,	4,	1.00278
7,	5,	0.999347
7,	6,	1.00193
7,	7,	0.995326
7,	8,	0.99857
7,	9,	0.997191
7,	10,	1.00507
7,	11,	1.00341
7,	12,	1.00084
7,	13,	1.00156
7,	14,	0.996473
7,	15,	0.998072
7,	16,	0.998022
7,	17,	0.998734
7,	18,	0.998083
7,	19,	1.00147
7,	20,	0.995089
7,	21,	1.00124
7,	22,	0.999022
7,	23,	1.00267
7,	24,	1.00278
7,	25,	1.00384
7,	26,	0.999895
7,	27,	1.00127
7,	28,	1.00182
7,	29,	0.999132
7,	30,	1.00321
7,	31,	0.999132
7,	32,	1.00182
7,	33,	1.00127
7,	34,	0.999895
7,	35,	1.00384
7,	36,	1.00278
7,	37,	1.00267
7,	38,	0.999022
7,	39,	1.00124
7,	40,	0.995089
7,	41,	1.00147
7,	42,	0.998083
7,	43,	0.998734
7,	44,	0.998022
7,	45,	0.998072
7,	46,	0.996473
7,	47,	1.00156
7,	48,	1.00084
7,	49,	1.00341
7,	50,	1.00507
7,	51,	0.997191
7,	52,	0.99857
7,	53,	0.995326
7,	54,	1.00193
7,	55,	0.999347
7,	56,	1.00278
7,	57,	0.995242
7,	58,	1.0019
7,	59,	0.998885
7,	60,	0.999973
7,	61,	0.99884
7,	62,	1.0008
7,	63,	0.999917
7,	64,	1.00153
7,	65,	1.00254
7,	66,	1.0008
7,	67,	1.00074
7,	68,	1.005
7,	69,	0.998473
7,	70,	1.0005
7,	71,	0.99784
7,	72,	0.999843
7,	73,	0.998536
7,	74,	0.998948
7,	75,	0.998026
7,	76,	1.0012
7,	77,	0.999241
7,	78,	1.00281
7,	79,	0.997895
7,	80,	1.00354
7,	81,	1.00354
7,	82,	0.997895
7,	83,	1.00281
7,	84,	0.999241
7,	85,	1.0012
7,	86,	0.998026
7,	87,	0.998948
7,	88,	0.998536
7,	89,	0.999843
7,	90,	0.99784
7,	91,	1.0005
7,	92,	0.998473
7,	93,	1.005
7,	94,	1.00074
7,	95,	1.0008
7,	96,	1.00254
7,	97,	1.00153
7,	98,	0.999917
7,	99,	1.0008
7,	100,	0.99884
8,	0,	1.00151
8,	1,	0.997248
8,	2,	1.0007
8,	3,	0.997328
8,	4,	0.998707
8,	5,	1.00058
8,	6,	0.996644
8,	7,	0.99857
8,	8,	0.99381
8,	9,	0.997748
8,	10,	0.99908
8,	11,	0.998364
8,	12,	1.0005
8,	13,	0.999396
8,	14,	1.00006
8,	15,	1.00071
8,	16,	1.00163
8,	17,	0.998716
8,	18,	0.996092
8,	19,	1.00146
8,	20,	0.997558
8,	21,	0.9977
8,	22,	0.99737
8,	23,	0.9974
8,	24,	1.00247
8,	25,	1.0007
8,	26,	1.00166
8,	27,	1.00048
8,	28,	1.00061
8,	29,	1.00009
8,	30,	1.00839
8,	31,	1.00009
8,	32,	1.00061
8,	33,	1.00048
8,	34,	1.00166
8,	35,	1.0007
8,	36,	1.00247
8,	37,	0.9974
8,	38,	0.99737
8,	39,	0.9977
8,	40,	0.997558
8,	41,	1.00146
8,	42,	0.996092
8,	43,	0.998716
8,	44,	1.00163
8,	45,	1.00071
8,	46,	1.00006
8,	47,	0.999396
8,	48,	1.0005
8,	49,	0.998364
8,	50,	0.99908
8,	51,	0.997748
8,	52,	0.99381
8,	53,	0.99857
8,	54,	0.996644
8,	55,	1.00058
8,	56,	0.998707
8,	57,	0.997328
8,	58,	1.0007
8,	59,	0.997248
8,	60,	1.00151
8,	61,	1.00049
8,	62,	0.998944
8,	63,	1.0047
8,	64,	0.996796
8,	65,	1.00195
8,	66,	0.999108
8,	67,	1.00384
8,	68,	0.997896
8,	69,	1.00195
8,	70,	0.997019
8,	71,	1.00245
8,	72,	0.996355
8,	73,	1.00317
8,	74,	1.00117
8,	75,	1.00432
8,	76,	1.00152
8,	77,	1.00013
8,	78,	0.999258
8,	79,	0.997755
8,	80,	0.995428
8,	81,	0.995428
8,	82,	0.997755
8,	83,	0.999258
8,	84,	1.00013
8,	85,	1.00152
8,	86,	1.00432
8,	87,	1.00117
8,	88,	1.00317
8,	89,	0.996355
8,	90,	1.00245
8,	91,	0.997019
8,	92,	1.00195
8,	93,	0.997896
8,	94,	1.00384
8,	95,	0.999108
8,	96,	1.00195
8,	97,	0.996796
8,	98,	1.0047
8,	99,	0.998944
8,	100,	1.00049
9,	0,	0.999072
9,	1,	0.996426
9,	2,	1.00089
9,	3,	0.998064
9,	4,	1.00374
9,	5,	1.00257
9,	6,	1.00044
9,	7,	0.997191
9,	8,	0.997748
9,	9,	0.998642
9,	10,	1.00129
9,	11,	0.999273
9,	12,	0.999295
9,	13,	0.999801
9,	14,	1.00099
9,	15,	0.999366
9,	16,	1.00095
9,	17,	0.998624
9,	18,	0.998941
9,	19,	1.00067
9,	20,	0.998252
9,	21,	0.998694
9,	22,	0.998925
9,	23,	0.998915
9,	24,	0.999418
9,	25,	1.00151
9,	26,	0.99917
9,	27,	1.00413
9,	28,	1.00133
9,	29,	1.00314
9,	30,	1.00199
9,	31,	1.00314
9,	32,	1.00133
9,	33,	1.00413
9,	34,	0.99917
9,	35,	1.00151
9,	36,	0.999418
9,	37,	0.998915
9,	38,	0.998925
9,	39,	0.998694
9,	40,	0.998252
9,	41,	1.00067
9,	42,	0.998941
9,	43,	0.998624
9,	44,	1.00095
9,	45,	0.999366
9,	46,	1.00099
9,	47,	0.999801
9,	48,	0.999295
9,	49,	0.999273
9,	50,	1.00129
9,	51,	0.998642
9,	52,	0.997748
9,	53,	0.997191
9,	54,	1.00044
9,	55,	1.00257
9,	56,	1.00374
9,	57,	0.998064
9,	58,	1.00089
9,	59,	0.996426
9,	60,	0.999072
9,	61,	0.997494
9,	62,	0.999116
9,	63,	0.998124
9,	64,	1.00079
9,	65,	1.00074
9,	66,	1.0022
9,	67,	1.00192
9,	68,	1.00418
9,	69,	1.00154
9,	70,	1.00217
9,	71,	1.00077
9,	72,	1.0006
9,	73,	1.00121
9,	74,	1.00044
9,	75,	1.00052
9,	76,	1.00025
9,	77,	0.999138
9,	78,	0.999871
9,	79,	0.997168
9,	80,	0.998852
9,	81,	0.998852
9,	82,	0.997168
9,	83,	0.999871
9,	84,	0.999138
9,	85,	1.00025
9,	86,	1.00052
9,	87,	1.00044
9,	88,	1.00121
9,	89,	1.0006
9,	90,	1.00077
9,	91,	1.00217
9,	92,	1.00154
9,	93,	1.00418
9,	94,	1.00192
9,	95,	1.0022
9,	96,	1.00074
9,	97,	1.00079
9,	98,	0.998124
9,	99,	0.999116
9,	100,	0.997494
10,	0,	1.00222
10,	1,	0.994527
10,	2,	1.00095
10,	3,	0.999346
10,	4,	0.998771
10,	5,	1.00503
10,	6,	0.999846
10,	7,	1.00507
10,	8,	0.99908
10,	9,	1.00129
10,	10,	1.00058
10,	11,	0.997254
10,	12,	1.00418
10,	13,	1.00129
10,	14,	1.00405
10,	15,	1.00032
10,	16,	1.00406
10,	17,	0.997719
10,	18,	1.00113
10,	19,	1.00348
10,	20,	1.00024
10,	21,	0.998938
10,	22,	0.993993
10,	23,	0.998756
10,	24,	1.00104
10,	25,	1.00027
10,	26,	1.00172
10,	27,	0.998624
10,	28,	0.998539
10,	29,	1.00195
10,	30,	1.00621
10,	31,	1.00195
10,	32,	0.998539
10,	33,	0.998624
10,	34,	1.00172
10,	35,	1.00027
10,	36,	1.00104
10,	37,	0.998756
10,	38,	0.993993
10,	39,	0.998938
10,	40,	1.00024
10,	41,	1.00348
10,	42,	1.00113
10,	43,	0.997719
10,	44,	1.00406
10,	45,	1.00032
10,	46,	1.00405
10,	47,	1.00129
10,	48,	1.00418
10,	49,	0.997254
10,	50,	1.00058
10,	51,	1.00129
10,	52,	0.99908
10,	53,	1.00507
10,	54,	0.999846
10,	55,	1.00503
10,	56,	0.998771
10,	57,	0.999346
10,	58,	1.00095
10,	59,	0.994527
10,	60,	1.00222
10,	61,	0.998288
10,	62,	1.0014
10,	63,	1.00113
10,	64,	0.997801
10,	65,	0.994758
10,	66,	1.00067
10,	67,	0.996323
10,	68,	0.997761
10,	69,	0.996967
10,	70,	0.999572
10,	71,	1.00018
10,	72,	0.998984
10,	73,	1.00077
10,	74,	1.00498
10,	75,	1.00375
10,	76,	1.00305
10,	77,	1.00036
10,	78,	1.00043
10,	79,	0.999173
10,	80,	0.995577
10,	81,	0.995577
10,	82,	0.999173
10,	83,	1.00043
10,	84,	1.00036
10,	85,	1.00305
10,	86,	1.00375
10,	87,	1.00498
10,	88,	1.00077
10,	89,	0.998984
10,	90,	1.00018
10,	91,	0.999572
10,	92,	0.996967
10,	93,	0.997761
10,	94,	0.996323
10,	95,	1.00067
10,	96,	0.994758
10,	97,	0.997801
10,	98,	1.00113
10,	99,	1.0014
10,	100,	0.998288
11,	0,	1.00029
11,	1,	0.997295
11,	2,	0.998597
11,	3,	0.996564
11,	4,	0.999285
11,	5,	1.00097
11,	6,	1.00054
11,	7,	1.00341
11,	8,	0.998364
11,	9,	0.999273
11,	10,	0.997254
11,	11,	0.994552
11,	12,	0.998721
11,	13,	0.996743
11,	14,	0.999518
11,	15,	1.00008
11,	16,	1.00006
11,	17,	1.00067
11,	18,	0.999557
11,	19,	0.999457
11,	20,	0.999048
11,	21,	1.00122
11,	22,	0.998865
11,	23,	0.999138
11,	24,	0.995915
11,	25,	0.996577
11,	26,	1.00069
11,	27,	1.0034
11,	28,	1.00373
11,	29,	1.00394
11,	30,	0.999886
11,	31,	1.00394
11,	32,	1.00373
11,	33,	1.0034
11,	34,	1.00069
11,	35,	0.996577
11,	36,	0.995915
11,	37,	0.999138
11,	38,	0.998865
11,	39,	1.00122
11,	40,	0.999048
11,	41,	0.999457
11,	42,	0.999557
11,	43,	1.00067
11,	44,	1.00006
11,	45,	1.00008
11,	46,	0.999518
11,	47,	0.996743
11,	48,	0.998721
11,	49,	0.994552
11,	50,	0.997254
11,	51,	0.999273
11,	52,	0.998364
11,	53,	1.00341
11,	54,	1.00054
11,	55,	1.00097
11,	56,	0.999285
11,	57,	0.996564
11,	58,	0.998597
11,	59,	0.997295
11,	60,	1.00029
11,	61,	0.999876
11,	62,	1.00341
11,	63,	0.999101
11,	64,	1.00296
11,	65,	0.999648
11,	66,	1.00405
11,	67,	1.00303
11,	68,	1.00297
11,	69,	1.00362
11,	70,	0.999547
11,	71,	1.00182
11,	72,	0.997517
11,	73,	0.999966
11,	74,	0.997309
11,	75,	1.00174
11,	76,	0.996624
11,	77,	1.00269
11,	78,	0.997584
11,	79,	1.00102
11,	80,	0.999578
11,	81,	0.999578
11,	82,	1.00102
11,	83,	0.997584
11,	84,	1.00269
11,	85,	0.996624
11,	86,	1.00174
11,	87,	0.997309
11,	88,	0.999966
11,	89,	0.997517
11,	90,	1.00182
11,	91,	0.999547
11,	92,	1.00362
11,	93,	1.00297
11,	94,	1.00303
11,	95,	1.00405
11,	96,	0.999648
11,	97,	1.00296
11,	98,	0.999101
11,	99,	1.00341
11,	100,	0.999876
12,	0,	0.99829
12,	1,	0.994731
12,	2,	0.998646
12,	3,	0.998501
12,	4,	0.999119
12,	5,	1.00134
12,	6,	1.00147
12,	7,	1.00084
12,	8,	1.0005
12,	9,	0.999295
12,	10,	1.00418
12,	11,	0.998721
12,	12,	1.00406
12,	13,	0.999362
12,	14,	0.999608
12,	15,	1.00012
12,	16,	1.00111
12,	17,	0.998582
12,	18,	0.999313
12,	19,	1.00405
12,	20,	1.0022
12,	21,	1.00296
12,	22,	0.998
12,	23,	0.999438
12,	24,	1.00064
12,	25,	1.00035
12,	26,	1.00124
12,	27,	0.999118
12,	28,	0.999298
12,	29,	0.99884
12,	30,	1.00526
12,	31,	0.99884
12,	32,	0.999298
12,	33,	0.999118
12,	34,	1.00124
12,	35,	1.00035
12,	36,	1.00064
12,	37,	0.999438
12,	38,	0.998
12,	39,	1.00296
12,	40,	1.0022
12,	41,	1.00405
12,	42,	0.999313
12,	43,	0.998582
12,	44,	1.00111
12,	45,	1.00012
12,	46,	0.999608
12,	47,	0.999362
12,	48,	1.00406
12,	49,	0.998721
12,	50,	1.00418
12,	51,	0.999295
12,	52,	1.0005
12,	53,	1.00084
12,	54,	1.00147
12,	55,	1.00134
12,	56,	0.999119
12,	57,	0.998501
12,	58,	0.998646
12,	59,	0.994731
12,	60,	0.99829
12,	61,	0.997795
12,	62,	1.00272
12,	63,	1.00343
12,	64,	1.00285
12,	65,	0.998791
12,	66,	1.00396
12,	67,	0.999516
12,	68,	0.997876
12,	69,	0.998229
12,	70,	0.995443
12,	71,	0.999173
12,	72,	0.995002
12,	73,	0.998967
12,	74,	1.00116
12,	75,	1.00428
12,	76,	1.0004
12,	77,	1.00406
12,	78,	0.99859
12,	79,	1.00194
12,	80,	0.996699
12,	81,	0.996699
12,	82,	1.00194
12,	83,	0.99859
12,	84,	1.00406
12,	85,	1.0004
12,	86,	1.00428
12,	87,	1.00116
12,	88,	0.998967
12,	89,	0.995002
12,	90,	0.999173
12,	91,	0.995443
12,	92,	0.998229
12,	93,	0.997876
12,	94,	0.999516
12,	95,	1.00396
12,	96,	0.998791
12,	97,	1.00285
12,	98,	1.00343
12,	99,	1.00272
12,	100,	0.997795
13,	0,	1.00274
13,	1,	1.0031
13,	2,	0.999394
13,	3,	0.998593
13,	4,	0.99733
13,	5,	0.998427
13,	6,	0.99855
13,	7,	1.00156
13,	8,	0.999396
13,	9,	0.999801
13,	10,	1.00129
13,	11,	0.996743
13,	12,	0.999362
13,	13,	0.99599
13,	14,	0.994687
13,	15,	1.00201
13,	16,	0.996068
13,	17,	1.00353
13,	18,	0.993821
13,	19,	0.99846
13,	20,	0.996551
13,	21,	1.00064
13,	22,	1.00037
13,	23,	0.998939
13,	24,	0.995393
13,	25,	0.995495
13,	26,	0.9982
13,	27,	1.00222
13,	28,	1.00019
13,	29,	1.0005
13,	30,	0.996893
13,	31,	1.0005
13,	32,	1.00019
13,	33,	1.00222
13,	34,	0.9982
13,	35,	0.995495
13,	36,	0.995393
13,	37,	0.998939
13,	38,	1.00037
13,	39,	1.00064
13,	40,	0.996551
13,	41,	0.99846
13,	42,	0.993821
13,	43,	1.00353
13,	44,	0.996068
13,	45,	1.00201
13,	46,	0.994687
13,	47,	0.99599
13,	48,	0.999362
13,	49,	0.996743
13,	50,	1.00129
13,	51,	0.999801
13,	52,	0.999396
13,	53,	1.00156
13,	54,	0.99855
13,	55,	0.998427
13,	56,	0.99733
13,	57,	0.998593
13,	58,	0.999394
13,	59,	1.0031
13,	60,	1.00274
13,	61,	1.00341
13,	62,	1.00395
13,	63,	1.00018
13,	64,	1.00195
13,	65,	0.997337
13,	66,	1.00073
13,	67,	1.0011
13,	68,	1.00033
13,	69,	1.00171
13,	70,	0.999569
13,	71,	1.00032
13,	72,	1.00001
13,	73,	1.00022
13,	74,	1.00014
13,	75,	1.00254
13,	76,	0.998729
13,	77,	1.00308
13,	78,	0.996863
13,	79,	1.00109
13,	80,	0.997819
13,	81,	0.997819
13,	82,	1.00109
13,	83,	0.996863
13,	84,	1.00308
13,	85,	0.998729
13,	86,	1.00254
13,	87,	1.00014
13,	88,	1.00022
13,	89,	1.00001
13,	90,	1.00032
13,	91,	0.999569
13,	92,	1.00171
13,	93,	1.00033
13,	94,	1.0011
13,	95,	1.00073
13,	96,	0.997337
13,	97,	1.00195
13,	98,	1.00018
13,	99,	1.00395
13,	100,	1.00341
14,	0,	0.999536
14,	1,	0.998715
14,	2,	0.998417
14,	3,	0.997319
14,	4,	0.998267
14,	5,	0.995985
14,	6,	0.998993
14,	7,	0.996473
14,	8,	1.00006
14,	9,	1.00099
14,	10,	1.00405
14,	11,	0.999518
14,	12,	0.999608
14,	13,	0.994687
14,	14,	1.00241
14,	15,	0.999376
14,	16,	1.00469
14,	17,	0.996443
14,	18,	0.995238
14,	19,	1.0018
14,	20,	1.0023
14,	21,	1.0045
14,	22,	1.00514
14,	23,	0.998943
14,	24,	1.00487
14,	25,	1.0024
14,	26,	1.00041
14,	27,	1.00191
14,	28,	0.995973
14,	29,	0.998406
14,	30,	1.00072
14,	31,	0.998406
14,	32,	0.995973
14,	33,	1.00191
14,	34,	1.00041
14,	35,	1.0024
14,	36,	1.00487
14,	37,	0.998943
14,	38,	1.00514
14,	39,	1.0045
14,	40,	1.0023
14,	41,	1.0018
14,	42,	0.995238
14,	43,	0.996443
14,	44,	1.00469
14,	45,	0.999376
14,	46,	1.00241
14,	47,	0.994687
14,	48,	0.999608
14,	49,	0.999518
14,	50,	1.00405
14,	51,	1.00099
14,	52,	1.00006
14,	53,	0.996473
14,	54,	0.998993
14,	55,	0.995985
14,	56,	0.998267
14,	57,	0.997319
14,	58,	0.998417
14,	59,	0.998715
14,	60,	0.999536
14,	61,	1.00117
14,	62,	1.00168
14,	63,	1.0036
14,	64,	1.00046
14,	65,	0.999022
14,	66,	1.00031
14,	67,	1.00143
14,	68,	0.997859
14,	69,	1.00343
14,	70,	0.997197
14,	71,	1.00364
14,	72,	0.996891
14,	73,	1.00148
14,	74,	1.0002
14,	75,	1.00377
14,	76,	0.999
14,	77,	1.0027
14,	78,	0.996228
14,	79,	0.999884
14,	80,	0.994887
14,	81,	0.994887
14,	82,	0.999884
14,	83,	0.996228
14,	84,	1.0027
14,	85,	0.999
14,	86,	1.00377
14,	87,	1.0002
14,	88,	1.00148
14,	89,	0.996891
14,	90,	1.00364
14,	91,	0.997197
14,	92,	1.00343
14,	93,	0.997859
14,	94,	1.00143
14,	95,	1.00031
14,	96,	0.999022
14,	97,	1.00046
14,	98,	1.0036
14,	99,	1.00168
14,	100,	1.00117
15,	0,	1.00442
15,	1,	1.00133
15,	2,	1.00041
15,	3,	0.999561
15,	4,	0.998784
15,	5,	0.998411
15,	6,	0.999595
15,	7,	0.998072
15,	8,	1.00071
15,	9,	0.999366
15,	10,	1.00032
15,	11,	1.00008
15,	12,	1.00012
15,	13,	1.00201
15,	14,	0.999376
15,	15,	1.00251
15,	16,	0.999249
15,	17,	1.00039
15,	18,	0.997655
15,	19,	0.998404
15,	20,	1.00017
15,	21,	0.997685
15,	22,	1.00228
15,	23,	1.00024
15,	24,	1.00312
15,	25,	1.00029
15,	26,	1.00136
15,	27,	1.00089
15,	28,	0.997782
15,	29,	1.00028
15,	30,	0.997948
15,	31,	1.00028
15,	32,	0.997782
15,	33,	1.00089
15,	34,	1.00136
15,	35,	1.00029
15,	36,	1.00312
15,	37,	1.00024
15,	38,	1.00228
15,	39,	0.997685
15,	40,	1.00017
15,	41,	0.998404
15,	42,	0.997655
15,	43,	1.00039
15,	44,	0.999249
15,	45,	1.00251
15,	46,	0.999376
15,	47,	1.00201
15,	48,	1.00012
15,	49,	1.00008
15,	50,	1.00032
15,	51,	0.999366
15,	52,	1.00071
15,	53,	0.998072
15,	54,	0.999595
15,	55,	0.998411
15,	56,	0.998784
15,	57,	0.999561
15,	58,	1.00041
15,	59,	1.00133
15,	60,	1.00442
15,	61,	1.00202
15,	62,	1.00147
15,	63,	0.998816
15,	64,	0.997656
15,	65,	0.996573
15,	66,	0.998209
15,	67,	1.00027
15,	68,	0.998529
15,	69,	1.00083
15,	70,	1.00118
15,	71,	0.999413
15,	72,	1.00067
15,	73,	0.999591
15,	74,	1.00258
15,	75,	1.00115
15,	76,	1.00215
15,	77,	0.999959
15,	78,	1.00106
15,	79,	1.00048
15,	80,	0.99866
15,	81,	0.99866
15,	82,	1.00048
15,	83,	1.00106
15,	84,	0.999959
15,	85,	1.00215
15,	86,	1.00115
15,	87,	1.00258
15,	88,	0.999591
15,	89,	1.00067
15,	90,	0.999413
15,	91,	1.00118
15,	92,	1.00083
15,	93,	0.998529
15,	94,	1.00027
15,	95,	0.998209
15,	96,	0.996573
15,	97,	0.997656
15,	98,	0.998816
15,	99,	1.00147
15,	100,	1.00202
16,	0,	0.998353
16,	1,	0.996976
16,	2,	1.00131
16,	3,	0.999747
16,	4,	1.00279
16,	5,	0.997924
16,	6,	1.00092
16,	7,	0.998022
16,	8,	1.00163
16,	9,	1.00095
16,	10,	1.00406
16,	11,	1.00006
16,	12,	1.00111
16,	13,	0.996068
16,	14,	1.00469
16,	15,	0.999249
16,	16,	1.00787
16,	17,	0.997277
16,	18,	1.00034
16,	19,	1.00097
16,	20,	1.00086
16,	21,	1.00315
16,	22,	1.00148
16,	23,	1.00165
16,	24,	1.0047
16,	25,	1.00423
16,	26,	0.999497
16,	27,	1.00007
16,	28,	0.992613
16,	29,	0.998345
16,	30,	0.996157
16,	31,	0.998345
16,	32,	0.992613
16,	33,	1.00007
16,	34,	0.999497
16,	35,	1.00423
16,	36,	1.0047
16,	37,	1.00165
16,	38,	1.00148
16,	39,	1.00315
16,	40,	1.00086
16,	41,	1.00097
16,	42,	1.00034
16,	43,	0.997277
16,	44,	1.00787
16,	45,	0.999249
16,	46,	1.00469
16,	47,	0.996068
16,	48,	1.00111
16,	49,	1.00006
16,	50,	1.00406
16,	51,	1.00095
16,	52,	1.00163
16,	53,	0.998022
16,	54,	1.00092
16,	55,	0.997924
16,	56,	1.00279
16,	57,	0.999747
16,	58,	1.00131
16,	59,	0.996976
16,	60,	0.998353
16,	61,	0.99777
16,	62,	0.99966
16,	63,	1.00188
16,	64,	0.999908
16,	65,	0.998096
16,	66,	1.00001
16,	67,	1.00033
16,	68,	0.998699
16,	69,	1.00322
16,	70,	0.998819
16,	71,	1.00451
16,	72,	0.999996
16,	73,	1.0031
16,	74,	1.00379
16,	75,	1.00285
16,	76,	1.00315
16,	77,	0.998957
16,	78,	0.997155
16,	79,	0.995163
16,	80,	0.992113
16,	81,	0.992113
16,	82,	0.995163
16,	83,	0.997155
16,	84,	0.998957
16,	85,	1.00315
16,	86,	1.00285
16,	87,	1.00379
16,	88,	1.0031
16,	89,	0.999996
16,	90,	1.00451
16,	91,	0.998819
16,	92,	1.00322
16,	93,	0.998699
16,	94,	1.00033
16,	95,	1.00001
16,	96,	0.998096
16,	97,	0.999908
16,	98,	1.00188
16,	99,	0.99966
16,	100,	0.99777
17,	0,	1.00393
17,	1,	0.999152
17,	2,	1.00099
17,	3,	1.00133
17,	4,	0.99881
17,	5,	1.00075
17,	6,	0.998219
17,	7,	0.998734
17,	8,	0.998716
17,	9,	0.998624
17,	10,	0.997719
17,	11,	1.00067
17,	12,	0.998582
17,	13,	1.00353
17,	14,	0.996443
17,	15,	1.00039
17,	16,	0.997277
17,	17,	0.99952
17,	18,	1.0016
17,	19,	0.999795
17,	20,	1.00104
17,	21,	0.994794
17,	22,	0.998739
17,	23,	0.999496
17,	24,	1.00503
17,	25,	1.00171
17,	26,	1.0022
17,	27,	0.998216
17,	28,	0.996348
17,	29,	1.00094
17,	30,	0.999239
17,	31,	1.00094
17,	32,	0.996348
17,	33,	0.998216
17,	34,	1.0022
17,	35,	1.00171
17,	36,	1.00503
17,	37,	0.999496
17,	38,	0.998739
17,	39,	0.994794
17,	40,	1.00104
17,	41,	0.999795
17,	42,	1.0016
17,	43,	0.99952
17,	44,	0.997277
17,	45,	1.00039
17,	46,	0.996443
17,	47,	1.00353
17,	48,	0.998582
17,	49,	1.00067
17,	50,	0.997719
17,	51,	0.998624
17,	52,	0.998716
17,	53,	0.998734
17,	54,	0.998219
17,	55,	1.00075
17,	56,	0.99881
17,	57,	1.00133
17,	58,	1.00099
17,	59,	0.999152
17,	60,	1.00393
17,	61,	1.00076
17,	62,	1.001
17,	63,	1.00145
17,	64,	0.998246
17,	65,	1.00056
17,	66,	1.0012
17,	67,	1.00196
17,	68,	0.99935
17,	69,	0.999532
17,	70,	0.998013
17,	71,	0.997174
17,	72,	0.994438
17,	73,	0.996742
17,	74,	0.998417
17,	75,	0.998879
17,	76,	1.00298
17,	77,	0.998991
17,	78,	1.00628
17,	79,	1.0027
17,	80,	1.00373
17,	81,	1.00373
17,	82,	1.0027
17,	83,	1.00628
17,	84,	0.998991
17,	85,	1.00298
17,	86,	0.998879
17,	87,	0.998417
17,	88,	0.996742
17,	89,	0.994438
17,	90,	0.997174
17,	91,	0.998013
17,	92,	0.999532
17,	93,	0.99935
17,	94,	1.00196
17,	95,	1.0012
17,	96,	1.00056
17,	97,	0.998246
17,	98,	1.00145
17,	99,	1.001
17,	100,	1.00076
18,	0,	1.001
18,	1,	0.999885
18,	2,	1.00322
18,	3,	1.00184
18,	4,	1.00217
18,	5,	0.998838
18,	6,	0.996309
18,	7,	0.998083
18,	8,	0.996092
18,	9,	0.998941
18,	10,	1.00113
18,	11,	0.999557
18,	12,	0.999313
18,	13,	0.993821
18,	14,	0.995238
18,	15,	0.997655
18,	16,	1.00034
18,	17,	1.0016
18,	18,	1.00128
18,	19,	1.00035
18,	20,	0.999957
18,	21,	0.999842
18,	22,	0.998264
18,	23,	0.999424
18,	24,	0.998765
18,	25,	1.00063
18,	26,	0.996527
18,	27,	0.999131
18,	28,	0.993245
18,	29,	0.999585
18,	30,	0.995001
18,	31,	0.999585
18,	32,	0.993245
18,	33,	0.999131
18,	34,	0.996527
18,	35,	1.00063
18,	36,	0.998765
18,	37,	0.999424
18,	38,	0.998264
18,	39,	0.999842
18,	40,	0.999957
18,	41,	1.00035
18,	42,	1.00128
18,	43,	1.0016
18,	44,	1.00034
18,	45,	0.997655
18,	46,	0.995238
18,	47,	0.993821
18,	48,	0.999313
18,	49,	0.999557
18,	50,	1.00113
18,	51,	0.998941
18,	52,	0.996092
18,	53,	0.998083
18,	54,	0.996309
18,	55,	0.998838
18,	56,	1.00217
18,	57,	1.00184
18,	58,	1.00322
18,	59,	0.999885
18,	60,	1.001
18,	61,	1.00229
18,	62,	1.00152
18,	63,	1.00473
18,	64,	1.00215
18,	65,	0.999433
18,	66,	1.00278
18,	67,	1.001
18,	68,	0.999407
18,	69,	1.00463
18,	70,	0.996484
18,	71,	1.00443
18,	72,	0.99448
18,	73,	1.00158
18,	74,	0.997965
18,	75,	1.00166
18,	76,	1.00025
18,	77,	1.00001
18,	78,	0.99809
18,	79,	0.99875
18,	80,	0.99538
18,	81,	0.99538
18,	82,	0.99875
18,	83,	0.99809
18,	84,	1.00001
18,	85,	1.00025
18,	86,	1.00166
18,	87,	0.997965
18,	88,	1.00158
18,	89,	0.99448
18,	90,	1.00443
18,	91,	0.996484
18,	92,	1.00463
18,	93,	0.999407
18,	94,	1.001
18,	95,	1.00278
18,	96,	0.999433
18,	97,	1.00215
18,	98,	1.00473
18,	99,	1.00152
18,	100,	1.00229
19,	0,	1.00072
19,	1,	1.00127
19,	2,	0.998991
19,	3,	0.999551
19,	4,	0.997212
19,	5,	0.999889
19,	6,	0.999357
19,	7,	1.00147
19,	8,	1.00146
19,	9,	1.00067
19,	10,	1.00348
19,	11,	0.999457
19,	12,	1.00405
19,	13,	0.99846
19,	14,	1.0018
19,	15,	0.998404
19,	16,	1.00097
19,	17,	0.999795
19,	18,	1.00035
19,	19,	1.00385
19,	20,	1.0026
19,	21,	1.00084
19,	22,	1.00023
19,	23,	0.997857
19,	24,	1.00122
19,	25,	0.998883
19,	26,	1.0004
19,	27,	0.999387
19,	28,	0.999002
19,	29,	1.00113
19,	30,	1.00299
19,	31,	1.00113
19,	32,	0.999002
19,	33,	0.999387
19,	34,	1.0004
19,	35,	0.998883
19,	36,	1.00122
19,	37,	0.997857
19,	38,	1.00023
19,	39,	1.00084
19,	40,	1.0026
19,	41,	1.00385
19,	42,	1.00035
19,	43,	0.999795
19,	44,	1.00097
19,	45,	0.998404
19,	46,	1.0018
19,	47,	0.99846
19,	48,	1.00405
19,	49,	0.999457
19,	50,	1.00348
19,	51,	1.00067
19,	52,	1.00146
19,	53,	1.00147
19,	54,	0.999357
19,	55,	0.999889
19,	56,	0.997212
19,	57,	0.999551
19,	58,	0.998991
19,	59,	1.00127
19,	60,	1.00072
19,	61,	1.00269
19,	62,	0.998103
19,	63,	1.00184
19,	64,	0.995813
19,	65,	0.996766
19,	66,	0.998641
19,	67,	0.99647
19,	68,	1.00061
19,	69,	0.996676
19,	70,	1.00184
19,	71,	0.99915
19,	72,	1.00123
19,	73,	1.0011
19,	74,	1.0033
19,	75,	1.00175
19,	76,	1.00399
19,	77,	0.999094
19,	78,	1.00222
19,	79,	0.998556
19,	80,	0.998539
19,	81,	0.998539
19,	82,	0.998556
19,	83,	1.00222
19,	84,	0.999094
19,	85,	1.00399
19,	86,	1.00175
19,	87,	1.0033
19,	88,	1.0011
19,	89,	1.00123
19,	90,	0.99915
19,	91,	1.00184
19,	92,	0.996676
19,	93,	1.00061
19,	94,	0.99647
19,	95,	0.998641
19,	96,	0.996766
19,	97,	0.995813
19,	98,	1.00184
19,	99,	0.998103
19,	100,	1.00269
20,	0,	0.998397
20,	1,	0.999243
20,	2,	1.00261
20,	3,	1.00122
20,	4,	1.00481
20,	5,	0.995297
20,	6,	0.997551
20,	7,	0.995089
20,	8,	0.997558
20,	9,	0.998252
20,	10,	1.00024
20,	11,	0.999048
20,	12,	1.0022
20,	13,	0.996551
20,	14,	1.0023
20,	15,	1.00017
20,	16,	1.00086
20,	17,	1.00104
20,	18,	0.999957
20,	19,	1.0026
20,	20,	1.00485
20,	21,	1.00462
20,	22,	1.00187
20,	23,	0.997402
20,	24,	0.996801
20,	25,	0.995797
20,	26,	0.999886
20,	27,	1.00024
20,	28,	0.999927
20,	29,	1.00194
20,	30,	0.9992
20,	31,	1.00194
20,	32,	0.999927
20,	33,	1.00024
20,	34,	0.999886
20,	35,	0.995797
20,	36,	0.996801
20,	37,	0.997402
20,	38,	1.00187
20,	39,	1.00462
20,	40,	1.00485
20,	41,	1.0026
20,	42,	0.999957
20,	43,	1.00104
20,	44,	1.00086
20,	45,	1.00017
20,	46,	1.0023
20,	47,	0.996551
20,	48,	1.0022
20,	49,	0.999048
20,	50,	1.00024
20,	51,	0.998252
20,	52,	0.997558
20,	53,	0.995089
20,	54,	0.997551
20,	55,	0.995297
20,	56,	1.00481
20,	57,	1.00122
20,	58,	1.00261
20,	59,	0.999243
20,	60,	0.998397
20,	61,	1.00244
20,	62,	0.998075
20,	63,	1.00348
20,	64,	1.00057
20,	65,	0.997862
20,	66,	1.00239
20,	67,	0.999855
20,	68,	0.999135
20,	69,	1.00402
20,	70,	0.998908
20,	71,	1.00332
20,	72,	0.99759
20,	73,	1.0024
20,	74,	0.999919
20,	75,	1.00453
20,	76,	0.999154
20,	77,	1.00298
20,	78,	0.994543
20,	79,	1.00012
20,	80,	0.992345
20,	81,	0.992345
20,	82,	1.00012
20,	83,	0.994543
20,	84,	1.00298
20,	85,	0.999154
20,	86,	1.00453
20,	87,	0.999919
20,	88,	1.0024
20,	89,	0.99759
20,	90,	1.00332
20,	91,	0.998908
20,	92,	1.00402
20,	93,	0.999135
20,	94,	0.999855
20,	95,	1.00239
20,	96,	0.997862
20,	97,	1.00057
20,	98,	1.00348
20,	99,	0.998075
20,	100,	1.00244
21,	0,	0.998562
21,	1,	1.00178
21,	2,	0.998694
21,	3,	1.00145
21,	4,	0.999746
21,	5,	1.00291
21,	6,	1.00213
21,	7,	1.00124
21,	8,	0.9977
21,	9,	0.998694
21,	10,	0.998938
21,	11,	1.00122
21,	12,	1.00296
21,	13,	1.00064
21,	14,	1.0045
21,	15,	0.997685
21,	16,	1.00315
21,	17,	0.994794
21,	18,	0.999842
21,	19,	1.00084
21,	20,	1.00462
21,	21,	1.00197
21,	22,	1.0018
21,	23,	0.996289
21,	24,	0.997979
21,	25,	0.999058
21,	26,	0.997249
21,	27,	1.00178
21,	28,	0.998552
21,	29,	1.00135
21,	30,	1.00288
21,	31,	1.00135
21,	32,	0.998552
21,	33,	1.00178
21,	34,	0.997249
21,	35,	0.999058
21,	36,	0.997979
21,	37,	0.996289
21,	38,	1.0018
21,	39,	1.00197
21,	40,	1.00462
21,	41,	1.00084
21,	42,	0.999842
21,	43,	0.994794
21,	44,	1.00315
21,	45,	0.997685
21,	46,	1.0045
21,	47,	1.00064
21,	48,	1.00296
21,	49,	1.00122
21,	50,	0.998938
21,	51,	0.998694
21,	52,	0.9977
21,	53,	1.00124
21,	54,	1.00213
21,	55,	1.00291
21,	56,	0.999746
21,	57,	1.00145
21,	58,	0.998694
21,	59,	1.00178
21,	60,	0.998562
21,	61,	1.00091
21,	62,	0.997818
21,	63,	1.00093
21,	64,	0.996462
21,	65,	0.99845
21,	66,	0.998619
21,	67,	0.998571
21,	68,	1.0018
21,	69,	0.997913
21,	70,	1.00341
21,	71,	0.998765
21,	72,	1.00307
21,	73,	0.999778
21,	74,	1.00229
21,	75,	1.00204
21,	76,	1.00011
21,	77,	1.00199
21,	78,	0.998166
21,	79,	1.00018
21,	80,	0.997877
21,	81,	0.997877
21,	82,	1.00018
21,	83,	0.998166
21,	84,	1.00199
21,	85,	1.00011
21,	86,	1.00204
21,	87,	1.00229
21,	88,	0.999778
21,	89,	1.00307
21,	90,	0.998765
21,	91,	1.00341
21,	92,	0.997913
21,	93,	1.0018
21,	94,	0.998571
21,	95,	0.998619
21,	96,	0.99845
21,	97,	0.996462
21,	98,	1.00093
21,	99,	0.997818
21,	100,	1.00091
22,	0,	1.00191
22,	1,	0.998226
22,	2,	1.00154
22,	3,	1.00413
22,	4,	1.00441
22,	5,	1.0002
22,	6,	0.997853
22,	7,	0.999022
22,	8,	0.99737
22,	9,	0.998925
22,	10,	0.993993
22,	11,	0.998865
22,	12,	0.998
22,	13,	1.00037
22,	14,	1.00514
22,	15,	1.00228
22,	16,	1.00148
22,	17,	0.998739
22,	18,	0.998264
22,	19,	1.00023
22,	20,	1.00187
22,	21,	1.0018
22,	22,	0.998846
22,	23,	0.997176
22,	24,	0.997927
22,	25,	0.996465
22,	26,	1.00153
22,	27,	0.999044
22,	28,	0.99953
22,	29,	1.0021
22,	30,	0.999445
22,	31,	1.0021
22,	32,	0.99953
22,	33,	0.999044
22,	34,	1.00153
22,	35,	0.996465
22,	36,	0.997927
22,	37,	0.997176
22,	38,	0.998846
22,	39,	1.0018
22,	40,	1.00187
22,	41,	1.00023
22,	42,	0.998264
22,	43,	0.998739
22,	44,	1.00148
22,	45,	1.00228
22,	46,	1.00514
22,	47,	1.00037
22,	48,	0.998
22,	49,	0.998865
22,	50,	0.993993
22,	51,	0.998925
22,	52,	0.99737
22,	53,	0.999022
22,	54,	0.997853
22,	55,	1.0002
22,	56,	1.00441
22,	57,	1.00413
22,	58,	1.00154
22,	59,	0.998226
22,	60,	1.00191
22,	61,	1.00023
22,	62,	1.00099
22,	63,	1.00102
22,	64,	1.00176
22,	65,	0.997001
22,	66,	1.00164
22,	67,	0.999994
22,	68,	0.998133
22,	69,	1.00234
22,	70,	0.999461
22,	71,	0.998156
22,	72,	0.997531
22,	73,	0.997523
22,	74,	0.998786
22,	75,	1.00232
22,	76,	0.999212
22,	77,	1.00459
22,	78,	0.996212
22,	79,	1.005
22,	80,	0.995939
22,	81,	0.995939
22,	82,	1.005
22,	83,	0.996212
22,	84,	1.00459
22,	85,	0.999212
22,	86,	1.00232
22,	87,	0.998786
22,	88,	0.997523
22,	89,	0.997531
22,	90,	0.998156
22,	91,	0.999461
22,	92,	1.00234
22,	93,	0.998133
22,	94,	0.999994
22,	95,	1.00164
22,	96,	0.997001
22,	97,	1.00176
22,	98,	1.00102
22,	99,	1.00099
22,	100,	1.00023
23,	0,	0.999487
23,	1,	1.00094
23,	2,	1.00081
23,	3,	1.00576
23,	4,	0.998856
23,	5,	1.00613
23,	6,	0.999751
23,	7,	1.00267
23,	8,	0.9974
23,	9,	0.998915
23,	10,	0.998756
23,	11,	0.999138
23,	12,	0.999438
23,	13,	0.998939
23,	14,	0.998943
23,	15,	1.00024
23,	16,	1.00165
23,	17,	0.999496
23,	18,	0.999424
23,	19,	0.997857
23,	20,	0.997402
23,	21,	0.996289
23,	22,	0.997176
23,	23,	0.996908
23,	24,	0.999435
23,	25,	1.00083
23,	26,	0.996191
23,	27,	0.999207
23,	28,	0.994258
23,	29,	1.00013
23,	30,	0.997247
23,	31,	1.00013
23,	32,	0.994258
23,	33,	0.999207
23,	34,	0.996191
23,	35,	1.00083
23,	36,	0.999435
23,	37,	0.996908
23,	38,	0.997176
23,	39,	0.996289
23,	40,	0.997402
23,	41,	0.997857
23,	42,	0.999424
23,	43,	0.999496
23,	44,	1.00165
23,	45,	1.00024
23,	46,	0.998943
23,	47,	0.998939
